#Trabalho Fisica Aplicada a Computação - Mestre Nuno

#Gerador de Seno - 1º Ano - FAC 2018-19

#	t	Tmin	T0	T1	Tmax	T	Media	MMM	MMS
	 -40	 10	 80	 120	 76.43
	 0.17	 0.00	 0.00	 0.00	 -40	 10	 80	 120	 83.09
	 0.28	 0.00	 0.00	 0.00	 -40	 10	 80	 120	 103.00
	 0.38	 0.00	 87.51	 0.00	 -40	 10	 80	 120	 100.72
	 0.48	 0.00	 87.51	 0.00	 -40	 10	 80	 120	 103.60
	 0.58	 0.00	 87.51	 0.00	 -40	 10	 80	 120	 126.46
	 0.69	 0.00	 110.26	 0.00	 -40	 10	 80	 120	 126.00
	 0.79	 0.00	 110.26	 0.00	 -40	 10	 80	 120	 120.19
	 0.89	 0.00	 110.26	 0.00	 -40	 10	 80	 120	 120.07
	 1.00	 0.00	 122.09	 0.00	 -40	 10	 80	 120	 96.87
	 1.10	 0.00	 122.09	 0.00	 -40	 10	 80	 120	 91.92
	 1.20	 0.00	 122.09	 0.00	 -40	 10	 80	 120	 80.83
	 1.30	 0.00	 89.87	 0.00	 -40	 10	 80	 120	 68.04
	 1.40	 0.00	 89.87	 0.00	 -40	 10	 80	 120	 50.02
	 1.51	 0.00	 89.87	 0.00	 -40	 10	 80	 120	 29.73
	 1.61	 0.00	 49.27	 0.00	 -40	 10	 80	 120	 15.40
	 1.71	 0.00	 49.27	 0.00	 -40	 10	 80	 120	 -1.68
	 1.82	 0.00	 49.27	 0.00	 -40	 10	 80	 120	 -2.19
	 1.92	 0.00	 3.84	 0.00	 -40	 10	 80	 120	 -24.69
	 2.02	 0.00	 3.84	 0.00	 -40	 10	 80	 120	 -38.46
	 2.12	 0.00	 3.84	 0.00	 -40	 10	 80	 120	 -39.30
	 2.23	 0.00	 -34.15	 0.00	 -40	 10	 80	 120	 -31.88
	 2.33	 0.00	 -34.15	 0.00	 -40	 10	 80	 120	 -46.08
	 2.43	 0.00	 -34.15	 0.00	 -40	 10	 80	 120	 -39.99
	 2.53	 0.00	 -39.32	 0.00	 -40	 10	 80	 120	 -31.80
	 2.64	 0.00	 -39.32	 0.00	 -40	 10	 80	 120	 -22.68
	 2.74	 0.00	 -39.32	 0.00	 -40	 10	 80	 120	 3.88
	 2.84	 0.00	 -16.86	 0.00	 -40	 10	 80	 120	 14.35
	 2.95	 0.00	 -16.86	 0.00	 -40	 10	 80	 120	 30.96
	 3.05	 0.00	 -16.86	 0.00	 -40	 10	 80	 120	 36.19
	 3.15	 0.00	 27.16	 0.00	 -40	 10	 80	 120	 48.52
	 3.25	 0.00	 27.16	 0.00	 -40	 10	 80	 120	 80.97
	 3.35	 0.00	 27.16	 0.00	 -40	 10	 80	 120	 90.31
	 3.46	 0.00	 73.27	 0.00	 -40	 10	 80	 120	 96.40
	 3.56	 0.00	 73.27	 0.00	 -40	 10	 80	 120	 115.03
	 3.66	 0.00	 73.27	 0.00	 -40	 10	 80	 120	 107.84
	 3.77	 0.00	 106.42	 0.00	 -40	 10	 80	 120	 117.44
	 3.87	 0.00	 106.42	 0.00	 -40	 10	 80	 120	 112.69
	 3.97	 0.00	 106.42	 0.00	 -40	 10	 80	 120	 118.61
	 4.07	 0.00	 116.25	 0.00	 -40	 10	 80	 120	 107.36
	 4.18	 0.00	 116.25	 0.00	 -40	 10	 80	 120	 93.98
	 4.28	 0.00	 116.25	 0.00	 -40	 10	 80	 120	 93.22
	 4.38	 0.00	 98.19	 0.00	 -40	 10	 80	 120	 67.28
	 4.48	 0.00	 98.19	 0.00	 -40	 10	 80	 120	 66.01
	 4.59	 0.00	 98.19	 0.00	 -40	 10	 80	 120	 34.90
	 4.69	 0.00	 56.06	 0.00	 -40	 10	 80	 120	 27.32
	 4.79	 0.00	 56.06	 0.00	 -40	 10	 80	 120	 2.58
	 4.89	 0.00	 56.06	 0.00	 -40	 10	 80	 120	 -11.12
	 5.00	 0.00	 6.26	 0.00	 -40	 10	 80	 120	 -6.88
	 5.10	 0.00	 6.26	 0.00	 -40	 10	 80	 120	 -32.32
	 5.20	 0.00	 6.26	 0.00	 -40	 10	 80	 120	 -38.07
	 5.30	 0.00	 -25.75	 0.00	 -40	 10	 80	 120	 -37.68
	 5.41	 0.00	 -25.75	 0.00	 -40	 10	 80	 120	 -41.98
	 5.51	 0.00	 -25.75	 0.00	 -40	 10	 80	 120	 -45.92
	 5.61	 0.00	 -41.86	 0.00	 -40	 10	 80	 120	 -42.64
	 5.71	 0.00	 -41.86	 0.00	 -40	 10	 80	 120	 -17.24
	 5.82	 0.00	 -41.86	 0.00	 -40	 10	 80	 120	 -6.13
	 5.92	 0.00	 -22.00	 0.00	 -40	 10	 80	 120	 2.22
	 6.02	 0.00	 -22.00	 0.00	 -40	 10	 80	 120	 7.11
	 6.13	 0.00	 -22.00	 0.00	 -40	 10	 80	 120	 25.03
	 6.23	 0.00	 11.45	 0.00	 -40	 10	 80	 120	 37.48
	 6.33	 0.00	 11.45	 0.00	 -40	 10	 80	 120	 55.46
	 6.43	 0.00	 11.45	 0.00	 -40	 10	 80	 120	 73.75
	 6.54	 0.00	 55.56	 0.00	 -40	 10	 80	 120	 99.12
	 6.64	 0.00	 55.56	 0.00	 -40	 10	 80	 120	 106.34
	 6.74	 0.00	 55.56	 0.00	 -40	 10	 80	 120	 111.00
	 6.84	 0.00	 105.49	 0.00	 -40	 10	 80	 120	 111.57
	 6.95	 0.00	 105.49	 0.00	 -40	 10	 80	 120	 121.94
	 7.05	 0.00	 105.49	 0.00	 -40	 10	 80	 120	 118.92
	 7.15	 0.00	 117.47	 0.00	 -40	 10	 80	 120	 123.56
	 7.25	 0.00	 117.47	 0.00	 -40	 10	 80	 120	 97.06
	 7.36	 0.00	 117.47	 0.00	 -40	 10	 80	 120	 104.83
	 7.46	 0.00	 108.48	 0.00	 -40	 10	 80	 120	 83.11
	 7.56	 0.00	 108.48	 0.00	 -40	 10	 80	 120	 78.67
	 7.66	 0.00	 108.48	 0.00	 -40	 10	 80	 120	 45.85
	 7.77	 0.00	 69.21	 0.00	 -40	 10	 80	 120	 30.44
	 7.87	 0.00	 69.21	 0.00	 -40	 10	 80	 120	 17.29
	 7.97	 0.00	 69.21	 0.00	 -40	 10	 80	 120	 8.78
	 8.07	 0.00	 18.84	 0.00	 -40	 10	 80	 120	 -10.16
	 8.18	 0.00	 18.84	 0.00	 -40	 10	 80	 120	 -15.21
	 8.28	 0.00	 18.84	 0.00	 -40	 10	 80	 120	 -29.71
	 8.38	 0.00	 -18.36	 0.00	 -40	 10	 80	 120	 -36.22
	 8.48	 0.00	 -18.36	 0.00	 -40	 10	 80	 120	 -31.58
	 8.59	 0.00	 -18.36	 0.00	 -40	 10	 80	 120	 -47.59
	 8.69	 0.00	 -38.46	 0.00	 -40	 10	 80	 120	 -40.25
	 8.79	 0.00	 -38.46	 0.00	 -40	 10	 80	 120	 -32.69
	 8.90	 0.00	 -38.46	 0.00	 -40	 10	 80	 120	 -19.29
	 9.00	 0.00	 -30.75	 0.00	 -40	 10	 80	 120	 -16.26
	 9.10	 0.00	 -30.75	 0.00	 -40	 10	 80	 120	 10.67
	 9.20	 0.00	 -30.75	 0.00	 -40	 10	 80	 120	 18.17
	 9.31	 0.00	 4.19	 0.00	 -40	 10	 80	 120	 42.48
	 9.41	 0.00	 4.19	 0.00	 -40	 10	 80	 120	 51.73
	 9.51	 0.00	 4.19	 0.00	 -40	 10	 80	 120	 69.56
	 9.61	 0.00	 54.59	 0.00	 -40	 10	 80	 120	 87.01
	 9.72	 0.00	 54.59	 0.00	 -40	 10	 80	 120	 93.74
	 9.82	 0.00	 54.59	 0.00	 -40	 10	 80	 120	 104.99
	 9.92	 0.00	 95.24	 0.00	 -40	 10	 80	 120	 107.52
	 10.02	 0.00	 95.24	 0.00	 -40	 10	 80	 120	 117.90
	 10.13	 0.00	 95.24	 0.00	 -40	 10	 80	 120	 123.94
	 10.23	 0.00	 116.45	 0.00	 -40	 10	 80	 120	 119.64
	 10.33	 0.00	 116.45	 0.00	 -40	 10	 80	 120	 102.05
	 10.44	 0.00	 116.45	 0.00	 -40	 10	 80	 120	 93.51
	 10.54	 0.00	 105.06	 0.00	 -40	 10	 80	 120	 95.22
	 10.64	 0.00	 105.06	 0.00	 -40	 10	 80	 120	 83.71
	 10.74	 0.00	 105.06	 0.00	 -40	 10	 80	 120	 64.58
	 10.85	 0.00	 81.17	 0.00	 -40	 10	 80	 120	 55.60
	 10.95	 0.00	 81.17	 0.00	 -40	 10	 80	 120	 28.15
	 11.05	 0.00	 81.17	 0.00	 -40	 10	 80	 120	 17.07
	 11.15	 0.00	 33.61	 0.00	 -40	 10	 80	 120	 -1.81
	 11.26	 0.00	 33.61	 0.00	 -40	 10	 80	 120	 -14.16
	 11.36	 0.00	 33.61	 0.00	 -40	 10	 80	 120	 -28.17
	 11.46	 0.00	 -14.71	 0.00	 -40	 10	 80	 120	 -24.65
	 11.56	 0.00	 -14.71	 0.00	 -40	 10	 80	 120	 -41.93
	 11.67	 0.00	 -14.71	 0.00	 -40	 10	 80	 120	 -33.98
	 11.77	 0.00	 -33.52	 0.00	 -40	 10	 80	 120	 -34.68
	 11.87	 0.00	 -33.52	 0.00	 -40	 10	 80	 120	 -38.05
	 11.98	 0.00	 -33.52	 0.00	 -40	 10	 80	 120	 -21.29
	 12.08	 0.00	 -31.34	 0.00	 -40	 10	 80	 120	 -7.85
	 12.18	 0.00	 -31.34	 0.00	 -40	 10	 80	 120	 -2.09
	 12.28	 0.00	 -31.34	 0.00	 -40	 10	 80	 120	 3.61
	 12.39	 0.00	 -2.11	 0.00	 -40	 10	 80	 120	 33.51
	 12.49	 0.00	 -2.11	 0.00	 -40	 10	 80	 120	 36.94
	 12.59	 0.00	 -2.11	 0.00	 -40	 10	 80	 120	 61.04
	 12.69	 0.00	 43.83	 0.00	 -40	 10	 80	 120	 72.32
	 12.80	 0.00	 43.83	 0.00	 -40	 10	 80	 120	 91.26
	 12.90	 0.00	 43.83	 0.00	 -40	 10	 80	 120	 96.11
	 13.00	 0.00	 86.56	 0.00	 -40	 10	 80	 120	 103.38
	 13.10	 0.00	 86.56	 0.00	 -40	 10	 80	 120	 121.62
	 13.21	 0.00	 86.56	 0.00	 -40	 10	 80	 120	 123.69
	 13.31	 0.00	 116.23	 0.00	 -40	 10	 80	 120	 112.42
	 13.41	 0.00	 116.23	 0.00	 -40	 10	 80	 120	 107.83
	 13.51	 0.00	 116.23	 0.00	 -40	 10	 80	 120	 100.01
	 13.62	 0.00	 106.75	 0.00	 -40	 10	 80	 120	 92.27
	 13.72	 0.00	 106.75	 0.00	 -40	 10	 80	 120	 80.15
	 13.82	 0.00	 106.75	 0.00	 -40	 10	 80	 120	 62.94
	 13.93	 0.00	 78.45	 0.00	 -40	 10	 80	 120	 58.33
	 14.03	 0.00	 78.45	 0.00	 -40	 10	 80	 120	 39.99
	 14.13	 0.00	 78.45	 0.00	 -40	 10	 80	 120	 14.76
	 14.23	 0.00	 37.69	 0.00	 -40	 10	 80	 120	 3.02
	 14.34	 0.00	 37.69	 0.00	 -40	 10	 80	 120	 -5.28
	 14.44	 0.00	 37.69	 0.00	 -40	 10	 80	 120	 -27.81
	 14.54	 0.00	 -10.03	 0.00	 -40	 10	 80	 120	 -37.90
	 14.64	 0.00	 -10.03	 0.00	 -40	 10	 80	 120	 -45.06
	 14.75	 0.00	 -10.03	 0.00	 -40	 10	 80	 120	 -44.14
	 14.85	 0.00	 -42.37	 0.00	 -40	 10	 80	 120	 -34.86
	 14.95	 0.00	 -42.37	 0.00	 -40	 10	 80	 120	 -32.25
	 15.05	 0.00	 -42.37	 0.00	 -40	 10	 80	 120	 -31.37
	 15.16	 0.00	 -32.83	 0.00	 -40	 10	 80	 120	 -16.56
	 15.26	 0.00	 -32.83	 0.00	 -40	 10	 80	 120	 -15.92
	 15.36	 0.00	 -32.83	 0.00	 -40	 10	 80	 120	 -3.36
	 15.47	 0.00	 -11.95	 0.00	 -40	 10	 80	 120	 16.74
	 15.57	 0.00	 -11.95	 0.00	 -40	 10	 80	 120	 28.93
	 15.67	 0.00	 -11.95	 0.00	 -40	 10	 80	 120	 47.22
	 15.77	 0.00	 30.96	 0.00	 -40	 10	 80	 120	 62.38
	 15.88	 0.00	 30.96	 0.00	 -40	 10	 80	 120	 78.14
	 15.98	 0.00	 30.96	 0.00	 -40	 10	 80	 120	 87.18
	 16.08	 0.00	 75.90	 0.00	 -40	 10	 80	 120	 113.08
	 16.18	 0.00	 75.90	 0.00	 -40	 10	 80	 120	 119.22
	 16.29	 0.00	 75.90	 0.00	 -40	 10	 80	 120	 126.26
	 16.39	 0.00	 119.52	 0.00	 -40	 10	 80	 120	 110.00
	 16.49	 0.00	 119.52	 0.00	 -40	 10	 80	 120	 123.38
	 16.59	 0.00	 119.52	 0.00	 -40	 10	 80	 120	 115.46
	 16.70	 0.00	 116.28	 0.00	 -40	 10	 80	 120	 110.51
	 16.80	 0.00	 116.28	 0.00	 -40	 10	 80	 120	 90.74
	 16.90	 0.00	 116.28	 0.00	 -40	 10	 80	 120	 87.65
	 17.00	 0.00	 96.30	 0.00	 -40	 10	 80	 120	 67.94
	 17.11	 0.00	 96.30	 0.00	 -40	 10	 80	 120	 56.97
	 17.21	 0.00	 96.30	 0.00	 -40	 10	 80	 120	 42.69
	 17.31	 0.00	 55.87	 0.00	 -40	 10	 80	 120	 24.32
	 17.42	 0.00	 55.87	 0.00	 -40	 10	 80	 120	 9.17
	 17.52	 0.00	 55.87	 0.00	 -40	 10	 80	 120	 -20.46
	 17.62	 0.00	 4.34	 0.00	 -40	 10	 80	 120	 -26.09
	 17.72	 0.00	 4.34	 0.00	 -40	 10	 80	 120	 -34.02
	 17.82	 0.00	 4.34	 0.00	 -40	 10	 80	 120	 -40.09
	 17.93	 0.00	 -33.40	 0.00	 -40	 10	 80	 120	 -36.82
	 18.03	 0.00	 -33.40	 0.00	 -40	 10	 80	 120	 -49.22
	 18.13	 0.00	 -33.40	 0.00	 -40	 10	 80	 120	 -45.32
	 18.24	 0.00	 -43.79	 0.00	 -40	 10	 80	 120	 -31.22
	 18.34	 0.00	 -43.79	 0.00	 -40	 10	 80	 120	 -10.22
	 18.44	 0.00	 -43.79	 0.00	 -40	 10	 80	 120	 -10.90
	 18.54	 0.00	 -17.45	 0.00	 -40	 10	 80	 120	 15.47
	 18.65	 0.00	 -17.45	 0.00	 -40	 10	 80	 120	 16.18
	 18.75	 0.00	 -17.45	 0.00	 -40	 10	 80	 120	 38.39
	 18.85	 0.00	 23.35	 0.00	 -40	 10	 80	 120	 65.75
	 18.95	 0.00	 23.35	 0.00	 -40	 10	 80	 120	 77.25
	 19.06	 0.00	 23.35	 0.00	 -40	 10	 80	 120	 89.67
	 19.16	 0.00	 77.55	 0.00	 -40	 10	 80	 120	 106.87
	 19.26	 0.00	 77.55	 0.00	 -40	 10	 80	 120	 115.62
	 19.36	 0.00	 77.55	 0.00	 -40	 10	 80	 120	 113.58
	 19.47	 0.00	 112.02	 0.00	 -40	 10	 80	 120	 120.35
	 19.57	 0.00	 112.02	 0.00	 -40	 10	 80	 120	 121.76
	 19.67	 0.00	 112.02	 0.00	 -40	 10	 80	 120	 122.84
	 19.78	 0.00	 121.65	 0.00	 -40	 10	 80	 120	 117.66
	 19.88	 0.00	 121.65	 0.00	 -40	 10	 80	 120	 109.49
	 19.98	 0.00	 121.65	 0.00	 -40	 10	 80	 120	 81.85
	 20.08	 0.00	 103.00	 0.00	 -40	 10	 80	 120	 68.85
	 20.19	 0.00	 103.00	 0.00	 -40	 10	 80	 120	 51.62
	 20.29	 0.00	 103.00	 0.00	 -40	 10	 80	 120	 46.53
	 20.39	 0.00	 55.67	 0.00	 -40	 10	 80	 120	 29.10
	 20.50	 0.00	 55.67	 0.00	 -40	 10	 80	 120	 8.17
	 20.60	 0.00	 55.67	 0.00	 -40	 10	 80	 120	 0.42
	 20.70	 0.00	 12.56	 0.00	 -40	 10	 80	 120	 -20.42
	 20.80	 0.00	 12.56	 0.00	 -40	 10	 80	 120	 -33.96
	 20.90	 0.00	 12.56	 0.00	 -40	 10	 80	 120	 -31.82
	 21.01	 0.00	 -28.73	 0.00	 -40	 10	 80	 120	 -45.57
	 21.11	 0.00	 -28.73	 0.00	 -40	 10	 80	 120	 -35.99
	 21.21	 0.00	 -28.73	 0.00	 -40	 10	 80	 120	 -38.06
	 21.32	 0.00	 -39.87	 0.00	 -40	 10	 80	 120	 -42.83
	 21.42	 0.00	 -39.87	 0.00	 -40	 10	 80	 120	 -33.52
	 21.52	 0.00	 -39.87	 0.00	 -40	 10	 80	 120	 -23.61
	 21.62	 0.00	 -33.32	 0.00	 -40	 10	 80	 120	 -4.33
	 21.73	 0.00	 -33.32	 0.00	 -40	 10	 80	 120	 19.51
	 21.83	 0.00	 -33.32	 0.00	 -40	 10	 80	 120	 26.72
	 21.93	 0.00	 13.97	 0.00	 -40	 10	 80	 120	 47.01
	 22.03	 0.00	 13.97	 0.00	 -40	 10	 80	 120	 57.01
	 22.14	 0.00	 13.97	 0.00	 -40	 10	 80	 120	 70.19
	 22.24	 0.00	 58.07	 0.00	 -40	 10	 80	 120	 82.64
	 22.34	 0.00	 58.07	 0.00	 -40	 10	 80	 120	 98.15
	 22.45	 0.00	 58.07	 0.00	 -40	 10	 80	 120	 110.79
	 22.55	 0.00	 97.19	 0.00	 -40	 10	 80	 120	 110.45
	 22.65	 0.00	 97.19	 0.00	 -40	 10	 80	 120	 112.91
	 22.75	 0.00	 97.19	 0.00	 -40	 10	 80	 120	 115.99
	 22.86	 0.00	 113.12	 0.00	 -40	 10	 80	 120	 104.73
	 22.96	 0.00	 113.12	 0.00	 -40	 10	 80	 120	 108.40
	 23.06	 0.00	 113.12	 0.00	 -40	 10	 80	 120	 88.16
	 23.16	 0.00	 100.43	 0.00	 -40	 10	 80	 120	 79.50
	 23.27	 0.00	 100.43	 0.00	 -40	 10	 80	 120	 72.11
	 23.37	 0.00	 100.43	 0.00	 -40	 10	 80	 120	 50.16
	 23.47	 0.00	 67.26	 0.00	 -40	 10	 80	 120	 42.91
	 23.57	 0.00	 67.26	 0.00	 -40	 10	 80	 120	 19.75
	 23.68	 0.00	 67.26	 0.00	 -40	 10	 80	 120	 -2.79
	 23.78	 0.00	 19.96	 0.00	 -40	 10	 80	 120	 -16.78
	 23.88	 0.00	 19.96	 0.00	 -40	 10	 80	 120	 -30.00
	 23.99	 0.00	 19.96	 0.00	 -40	 10	 80	 120	 -34.48
	 24.09	 0.00	 -27.09	 0.00	 -40	 10	 80	 120	 -31.07
	 24.19	 0.00	 -27.09	 0.00	 -40	 10	 80	 120	 -47.53
	 24.29	 0.00	 -27.09	 0.00	 -40	 10	 80	 120	 -42.62
	 24.40	 0.00	 -40.41	 0.00	 -40	 10	 80	 120	 -44.35
	 24.50	 0.00	 -40.41	 0.00	 -40	 10	 80	 120	 -22.92
	 24.60	 0.00	 -40.41	 0.00	 -40	 10	 80	 120	 -18.50
	 24.70	 0.00	 -28.59	 0.00	 -40	 10	 80	 120	 -16.51
	 24.81	 0.00	 -28.59	 0.00	 -40	 10	 80	 120	 -1.62
	 24.91	 0.00	 -28.59	 0.00	 -40	 10	 80	 120	 23.87
	 25.01	 0.00	 1.91	 0.00	 -40	 10	 80	 120	 40.00
	 25.11	 0.00	 1.91	 0.00	 -40	 10	 80	 120	 44.42
	 25.22	 0.00	 1.91	 0.00	 -40	 10	 80	 120	 68.27
	 25.32	 0.00	 50.90	 0.00	 -40	 10	 80	 120	 73.74
	 25.42	 0.00	 50.90	 0.00	 -40	 10	 80	 120	 104.52
	 25.52	 0.00	 50.90	 0.00	 -40	 10	 80	 120	 114.82
	 25.63	 0.00	 97.69	 0.00	 -40	 10	 80	 120	 111.46
	 25.73	 0.00	 97.69	 0.00	 -40	 10	 80	 120	 116.84
	 25.83	 0.00	 97.69	 0.00	 -40	 10	 80	 120	 115.95
	 25.93	 0.00	 114.75	 0.00	 -40	 10	 80	 120	 111.71
	 26.04	 0.00	 114.75	 0.00	 -40	 10	 80	 120	 118.18
	 26.14	 0.00	 114.75	 0.00	 -40	 10	 80	 120	 109.60
	 26.24	 0.00	 113.17	 0.00	 -40	 10	 80	 120	 92.45
	 26.35	 0.00	 113.17	 0.00	 -40	 10	 80	 120	 78.99
	 26.45	 0.00	 113.17	 0.00	 -40	 10	 80	 120	 66.88
	 26.55	 0.00	 79.44	 0.00	 -40	 10	 80	 120	 53.91
	 26.65	 0.00	 79.44	 0.00	 -40	 10	 80	 120	 33.46
	 26.76	 0.00	 79.44	 0.00	 -40	 10	 80	 120	 17.37
	 26.86	 0.00	 34.92	 0.00	 -40	 10	 80	 120	 0.46
	 26.96	 0.00	 34.92	 0.00	 -40	 10	 80	 120	 -20.93
	 27.06	 0.00	 34.92	 0.00	 -40	 10	 80	 120	 -16.98
	 27.17	 0.00	 -12.48	 0.00	 -40	 10	 80	 120	 -33.52
	 27.27	 0.00	 -12.48	 0.00	 -40	 10	 80	 120	 -44.86
	 27.37	 0.00	 -12.48	 0.00	 -40	 10	 80	 120	 -43.97
	 27.47	 0.00	 -40.78	 0.00	 -40	 10	 80	 120	 -40.73
	 27.58	 0.00	 -40.78	 0.00	 -40	 10	 80	 120	 -31.23
	 27.68	 0.00	 -40.78	 0.00	 -40	 10	 80	 120	 -17.47
	 27.78	 0.00	 -29.81	 0.00	 -40	 10	 80	 120	 -10.07
	 27.89	 0.00	 -29.81	 0.00	 -40	 10	 80	 120	 5.65
	 27.99	 0.00	 -29.81	 0.00	 -40	 10	 80	 120	 8.32
	 28.09	 0.00	 1.30	 0.00	 -40	 10	 80	 120	 17.20
	 28.19	 0.00	 1.30	 0.00	 -40	 10	 80	 120	 52.63
	 28.30	 0.00	 1.30	 0.00	 -40	 10	 80	 120	 51.74
	 28.40	 0.00	 40.52	 0.00	 -40	 10	 80	 120	 82.18
	 28.50	 0.00	 40.52	 0.00	 -40	 10	 80	 120	 94.01
	 28.60	 0.00	 40.52	 0.00	 -40	 10	 80	 120	 90.90
	 28.71	 0.00	 89.03	 0.00	 -40	 10	 80	 120	 110.23
	 28.81	 0.00	 89.03	 0.00	 -40	 10	 80	 120	 115.53
	 28.91	 0.00	 89.03	 0.00	 -40	 10	 80	 120	 125.68
	 29.01	 0.00	 117.15	 0.00	 -40	 10	 80	 120	 111.46
	 29.12	 0.00	 117.15	 0.00	 -40	 10	 80	 120	 117.93
	 29.22	 0.00	 117.15	 0.00	 -40	 10	 80	 120	 118.16
	 29.32	 0.00	 115.85	 0.00	 -40	 10	 80	 120	 102.48
	 29.43	 0.00	 115.85	 0.00	 -40	 10	 80	 120	 77.28
	 29.53	 0.00	 115.85	 0.00	 -40	 10	 80	 120	 74.22
	 29.63	 0.00	 84.66	 0.00	 -40	 10	 80	 120	 55.63
	 29.73	 0.00	 84.66	 0.00	 -40	 10	 80	 120	 33.30
	 29.84	 0.00	 84.66	 0.00	 -40	 10	 80	 120	 23.07
	 29.94	 0.00	 37.33	 0.00	 -40	 10	 80	 120	 0.31
	 30.04	 0.00	 37.33	 0.00	 -40	 10	 80	 120	 1.98
	 30.14	 0.00	 37.33	 0.00	 -40	 10	 80	 120	 -13.60
	 30.25	 0.00	 -3.77	 0.00	 -40	 10	 80	 120	 -19.74
	 30.35	 0.00	 -3.77	 0.00	 -40	 10	 80	 120	 -37.95
	 30.45	 0.00	 -3.77	 0.00	 -40	 10	 80	 120	 -34.09
	 30.55	 0.00	 -30.59	 0.00	 -40	 10	 80	 120	 -37.89
	 30.66	 0.00	 -30.59	 0.00	 -40	 10	 80	 120	 -38.33
	 30.76	 0.00	 -30.59	 0.00	 -40	 10	 80	 120	 -30.51
	 30.86	 0.00	 -35.58	 0.00	 -40	 10	 80	 120	 -27.76
	 30.96	 0.00	 -35.58	 0.00	 -40	 10	 80	 120	 -9.28
	 31.07	 0.00	 -35.58	 0.00	 -40	 10	 80	 120	 9.36
	 31.17	 0.00	 -9.23	 0.00	 -40	 10	 80	 120	 7.44
	 31.27	 0.00	 -9.23	 0.00	 -40	 10	 80	 120	 23.62
	 31.38	 0.00	 -9.23	 0.00	 -40	 10	 80	 120	 56.91
	 31.48	 0.00	 29.32	 0.00	 -40	 10	 80	 120	 58.93
	 31.58	 0.00	 29.32	 0.00	 -40	 10	 80	 120	 84.87
	 31.68	 0.00	 29.32	 0.00	 -40	 10	 80	 120	 93.07
	 31.79	 0.00	 78.96	 0.00	 -40	 10	 80	 120	 113.89
	 31.89	 0.00	 78.96	 0.00	 -40	 10	 80	 120	 114.03
	 31.99	 0.00	 78.96	 0.00	 -40	 10	 80	 120	 120.20
	 32.10	 0.00	 116.04	 0.00	 -40	 10	 80	 120	 120.00
	 32.20	 0.00	 116.04	 0.00	 -40	 10	 80	 120	 117.45
	 32.30	 0.00	 116.04	 0.00	 -40	 10	 80	 120	 110.64
	 32.40	 0.00	 116.03	 0.00	 -40	 10	 80	 120	 107.69
	 32.51	 0.00	 116.03	 0.00	 -40	 10	 80	 120	 96.97
	 32.61	 0.00	 116.03	 0.00	 -40	 10	 80	 120	 80.05
	 32.71	 0.00	 94.90	 0.00	 -40	 10	 80	 120	 72.09
	 32.81	 0.00	 94.90	 0.00	 -40	 10	 80	 120	 50.28
	 32.92	 0.00	 94.90	 0.00	 -40	 10	 80	 120	 38.00
	 33.02	 0.00	 53.46	 0.00	 -40	 10	 80	 120	 11.77
	 33.12	 0.00	 53.46	 0.00	 -40	 10	 80	 120	 -6.56
	 33.22	 0.00	 53.46	 0.00	 -40	 10	 80	 120	 -17.34
	 33.33	 0.00	 -4.04	 0.00	 -40	 10	 80	 120	 -27.89
	 33.43	 0.00	 -4.04	 0.00	 -40	 10	 80	 120	 -22.88
	 33.53	 0.00	 -4.04	 0.00	 -40	 10	 80	 120	 -35.97
	 33.63	 0.00	 -28.91	 0.00	 -40	 10	 80	 120	 -43.80
	 33.74	 0.00	 -28.91	 0.00	 -40	 10	 80	 120	 -30.26
	 33.84	 0.00	 -28.91	 0.00	 -40	 10	 80	 120	 -40.43
	 33.94	 0.00	 -38.16	 0.00	 -40	 10	 80	 120	 -29.46
	 34.04	 0.00	 -38.16	 0.00	 -40	 10	 80	 120	 -11.44
	 34.15	 0.00	 -38.16	 0.00	 -40	 10	 80	 120	 -7.16
	 34.25	 0.00	 -16.02	 0.00	 -40	 10	 80	 120	 13.18
	 34.35	 0.00	 -16.02	 0.00	 -40	 10	 80	 120	 16.71
	 34.46	 0.00	 -16.02	 0.00	 -40	 10	 80	 120	 43.92
	 34.56	 0.00	 24.60	 0.00	 -40	 10	 80	 120	 51.44
	 34.66	 0.00	 24.60	 0.00	 -40	 10	 80	 120	 72.96
	 34.76	 0.00	 24.60	 0.00	 -40	 10	 80	 120	 94.28
	 34.87	 0.00	 72.89	 0.00	 -40	 10	 80	 120	 97.54
	 34.97	 0.00	 72.89	 0.00	 -40	 10	 80	 120	 105.54
	 35.07	 0.00	 72.89	 0.00	 -40	 10	 80	 120	 108.48
	 35.17	 0.00	 103.85	 0.00	 -40	 10	 80	 120	 123.28
	 35.28	 0.00	 103.85	 0.00	 -40	 10	 80	 120	 111.78
	 35.38	 0.00	 103.85	 0.00	 -40	 10	 80	 120	 106.92
	 35.48	 0.00	 114.00	 0.00	 -40	 10	 80	 120	 107.81
	 35.59	 0.00	 114.00	 0.00	 -40	 10	 80	 120	 103.69
	 35.69	 0.00	 114.00	 0.00	 -40	 10	 80	 120	 97.09
	 35.79	 0.00	 102.86	 0.00	 -40	 10	 80	 120	 83.28
	 35.89	 0.00	 102.86	 0.00	 -40	 10	 80	 120	 52.08
	 36.00	 0.00	 102.86	 0.00	 -40	 10	 80	 120	 47.69
	 36.10	 0.00	 61.01	 0.00	 -40	 10	 80	 120	 24.41
	 36.20	 0.00	 61.01	 0.00	 -40	 10	 80	 120	 2.62
	 36.30	 0.00	 61.01	 0.00	 -40	 10	 80	 120	 -4.18
	 36.41	 0.00	 7.62	 0.00	 -40	 10	 80	 120	 -11.08
	 36.51	 0.00	 7.62	 0.00	 -40	 10	 80	 120	 -20.87
	 36.61	 0.00	 7.62	 0.00	 -40	 10	 80	 120	 -27.70
	 36.71	 0.00	 -19.88	 0.00	 -40	 10	 80	 120	 -37.48
	 36.82	 0.00	 -19.88	 0.00	 -40	 10	 80	 120	 -48.00
	 36.92	 0.00	 -19.88	 0.00	 -40	 10	 80	 120	 -35.13
	 37.02	 0.00	 -40.20	 0.00	 -40	 10	 80	 120	 -23.96
	 37.13	 0.00	 -40.20	 0.00	 -40	 10	 80	 120	 -15.80
	 37.23	 0.00	 -40.20	 0.00	 -40	 10	 80	 120	 -13.96
	 37.33	 0.00	 -17.91	 0.00	 -40	 10	 80	 120	 -2.60
	 37.43	 0.00	 -17.91	 0.00	 -40	 10	 80	 120	 9.21
	 37.54	 0.00	 -17.91	 0.00	 -40	 10	 80	 120	 30.25
	 37.64	 0.00	 12.29	 0.00	 -40	 10	 80	 120	 50.54
	 37.74	 0.00	 12.29	 0.00	 -40	 10	 80	 120	 63.55
	 37.84	 0.00	 12.29	 0.00	 -40	 10	 80	 120	 86.92
	 37.95	 0.00	 67.00	 0.00	 -40	 10	 80	 120	 85.40
	 38.05	 0.00	 67.00	 0.00	 -40	 10	 80	 120	 104.85
	 38.15	 0.00	 67.00	 0.00	 -40	 10	 80	 120	 118.58
	 38.25	 0.00	 102.94	 0.00	 -40	 10	 80	 120	 126.37
	 38.36	 0.00	 102.94	 0.00	 -40	 10	 80	 120	 125.90
	 38.46	 0.00	 102.94	 0.00	 -40	 10	 80	 120	 116.07
	 38.56	 0.00	 122.78	 0.00	 -40	 10	 80	 120	 123.84
	 38.67	 0.00	 122.78	 0.00	 -40	 10	 80	 120	 115.57
	 38.77	 0.00	 122.78	 0.00	 -40	 10	 80	 120	 92.38
	 38.87	 0.00	 110.60	 0.00	 -40	 10	 80	 120	 93.76
	 38.97	 0.00	 110.60	 0.00	 -40	 10	 80	 120	 68.40
	 39.08	 0.00	 110.60	 0.00	 -40	 10	 80	 120	 54.62
	 39.18	 0.00	 72.26	 0.00	 -40	 10	 80	 120	 43.39
	 39.28	 0.00	 72.26	 0.00	 -40	 10	 80	 120	 27.90
	 39.38	 0.00	 72.26	 0.00	 -40	 10	 80	 120	 13.49
	 39.49	 0.00	 28.26	 0.00	 -40	 10	 80	 120	 -14.53
	 39.59	 0.00	 28.26	 0.00	 -40	 10	 80	 120	 -29.69
	 39.69	 0.00	 28.26	 0.00	 -40	 10	 80	 120	 -31.24
	 39.79	 0.00	 -25.15	 0.00	 -40	 10	 80	 120	 -31.02
	 39.90	 0.00	 -25.15	 0.00	 -40	 10	 80	 120	 -35.49
	 40.00	 0.00	 -25.15	 0.00	 -40	 10	 80	 120	 -43.67
	 40.10	 0.00	 -36.73	 0.00	 -40	 10	 80	 120	 -38.49
	 40.20	 0.00	 -36.73	 0.00	 -40	 10	 80	 120	 -36.08
	 40.31	 0.00	 -36.73	 0.00	 -40	 10	 80	 120	 -24.70
	 40.41	 0.00	 -33.09	 0.00	 -40	 10	 80	 120	 -0.89
	 40.51	 0.00	 -33.09	 0.00	 -40	 10	 80	 120	 8.96
	 40.61	 0.00	 -33.09	 0.00	 -40	 10	 80	 120	 13.56
	 40.72	 0.00	 7.21	 0.00	 -40	 10	 80	 120	 45.69
	 40.82	 0.00	 7.21	 0.00	 -40	 10	 80	 120	 48.11
	 40.92	 0.00	 7.21	 0.00	 -40	 10	 80	 120	 69.82
	 41.03	 0.00	 54.54	 0.00	 -40	 10	 80	 120	 92.34
	 41.13	 0.00	 54.54	 0.00	 -40	 10	 80	 120	 100.30
	 41.23	 0.00	 54.54	 0.00	 -40	 10	 80	 120	 109.64
	 41.33	 0.00	 100.76	 0.00	 -40	 10	 80	 120	 112.29
	 41.44	 0.00	 100.76	 0.00	 -40	 10	 80	 120	 124.79
	 41.54	 0.00	 100.76	 0.00	 -40	 10	 80	 120	 115.96
	 41.64	 0.00	 117.68	 0.00	 -40	 10	 80	 120	 110.79
	 41.74	 0.00	 117.68	 0.00	 -40	 10	 80	 120	 116.39
	 41.85	 0.00	 117.68	 0.00	 -40	 10	 80	 120	 99.79
	 41.95	 0.00	 108.99	 0.00	 -40	 10	 80	 120	 94.69
	 42.05	 0.00	 108.99	 0.00	 -40	 10	 80	 120	 70.26
	 42.15	 0.00	 108.99	 0.00	 -40	 10	 80	 120	 63.18
	 42.26	 0.00	 76.04	 0.00	 -40	 10	 80	 120	 46.23
	 42.36	 0.00	 76.04	 0.00	 -40	 10	 80	 120	 39.77
	 42.46	 0.00	 76.04	 0.00	 -40	 10	 80	 120	 19.82
	 42.56	 0.00	 35.27	 0.00	 -40	 10	 80	 120	 6.60
	 42.67	 0.00	 35.27	 0.00	 -40	 10	 80	 120	 -12.69
	 42.77	 0.00	 35.27	 0.00	 -40	 10	 80	 120	 -18.79
	 42.87	 0.00	 -8.30	 0.00	 -40	 10	 80	 120	 -24.32
	 42.98	 0.00	 -8.30	 0.00	 -40	 10	 80	 120	 -41.75
	 43.08	 0.00	 -8.30	 0.00	 -40	 10	 80	 120	 -43.96
	 43.18	 0.00	 -36.68	 0.00	 -40	 10	 80	 120	 -46.79
	 43.28	 0.00	 -36.68	 0.00	 -40	 10	 80	 120	 -28.35
	 43.39	 0.00	 -36.68	 0.00	 -40	 10	 80	 120	 -25.73
	 43.49	 0.00	 -33.62	 0.00	 -40	 10	 80	 120	 -14.30
	 43.59	 0.00	 -33.62	 0.00	 -40	 10	 80	 120	 1.52
	 43.70	 0.00	 -33.62	 0.00	 -40	 10	 80	 120	 10.03
	 43.80	 0.00	 -0.92	 0.00	 -40	 10	 80	 120	 28.73
	 43.90	 0.00	 -0.92	 0.00	 -40	 10	 80	 120	 41.15
	 44.00	 0.00	 -0.92	 0.00	 -40	 10	 80	 120	 53.44
	 44.11	 0.00	 41.11	 0.00	 -40	 10	 80	 120	 73.90
	 44.21	 0.00	 41.11	 0.00	 -40	 10	 80	 120	 84.76
	 44.31	 0.00	 41.11	 0.00	 -40	 10	 80	 120	 101.60
	 44.41	 0.00	 86.75	 0.00	 -40	 10	 80	 120	 105.08
	 44.52	 0.00	 86.75	 0.00	 -40	 10	 80	 120	 122.44
	 44.62	 0.00	 86.75	 0.00	 -40	 10	 80	 120	 124.65
	 44.72	 0.00	 117.39	 0.00	 -40	 10	 80	 120	 127.51
	 44.82	 0.00	 117.39	 0.00	 -40	 10	 80	 120	 124.02
	 44.93	 0.00	 117.39	 0.00	 -40	 10	 80	 120	 110.32
	 45.03	 0.00	 120.62	 0.00	 -40	 10	 80	 120	 91.79
	 45.13	 0.00	 120.62	 0.00	 -40	 10	 80	 120	 84.53
	 45.24	 0.00	 120.62	 0.00	 -40	 10	 80	 120	 72.51
	 45.34	 0.00	 82.94	 0.00	 -40	 10	 80	 120	 57.94
	 45.44	 0.00	 82.94	 0.00	 -40	 10	 80	 120	 33.77
	 45.54	 0.00	 82.94	 0.00	 -40	 10	 80	 120	 27.38
	 45.65	 0.00	 39.70	 0.00	 -40	 10	 80	 120	 11.60
	 45.75	 0.00	 39.70	 0.00	 -40	 10	 80	 120	 -5.76
	 45.85	 0.00	 39.70	 0.00	 -40	 10	 80	 120	 -8.38
	 45.95	 0.00	 -0.85	 0.00	 -40	 10	 80	 120	 -31.48
	 46.06	 0.00	 -0.85	 0.00	 -40	 10	 80	 120	 -30.84
	 46.16	 0.00	 -0.85	 0.00	 -40	 10	 80	 120	 -35.04
	 46.26	 0.00	 -32.46	 0.00	 -40	 10	 80	 120	 -31.90
	 46.36	 0.00	 -32.46	 0.00	 -40	 10	 80	 120	 -33.41
	 46.47	 0.00	 -32.46	 0.00	 -40	 10	 80	 120	 -30.65
	 46.57	 0.00	 -31.99	 0.00	 -40	 10	 80	 120	 -31.95
	 46.67	 0.00	 -31.99	 0.00	 -40	 10	 80	 120	 -9.52
	 46.77	 0.00	 -31.99	 0.00	 -40	 10	 80	 120	 3.94
	 46.88	 0.00	 -12.51	 0.00	 -40	 10	 80	 120	 18.14
	 46.98	 0.00	 -12.51	 0.00	 -40	 10	 80	 120	 33.31
	 47.08	 0.00	 -12.51	 0.00	 -40	 10	 80	 120	 47.59
	 47.18	 0.00	 33.01	 0.00	 -40	 10	 80	 120	 62.64
	 47.29	 0.00	 33.01	 0.00	 -40	 10	 80	 120	 79.46
	 47.39	 0.00	 33.01	 0.00	 -40	 10	 80	 120	 100.84
	 47.49	 0.00	 80.98	 0.00	 -40	 10	 80	 120	 95.71
	 47.60	 0.00	 80.98	 0.00	 -40	 10	 80	 120	 105.90
	 47.70	 0.00	 80.98	 0.00	 -40	 10	 80	 120	 115.10
	 47.80	 0.00	 105.57	 0.00	 -40	 10	 80	 120	 121.99
	 47.90	 0.00	 105.57	 0.00	 -40	 10	 80	 120	 117.51
	 48.01	 0.00	 105.57	 0.00	 -40	 10	 80	 120	 103.76
	 48.11	 0.00	 114.42	 0.00	 -40	 10	 80	 120	 106.87
	 48.21	 0.00	 114.42	 0.00	 -40	 10	 80	 120	 92.19
	 48.31	 0.00	 114.42	 0.00	 -40	 10	 80	 120	 89.32
	 48.42	 0.00	 96.13	 0.00	 -40	 10	 80	 120	 61.38
	 48.52	 0.00	 96.13	 0.00	 -40	 10	 80	 120	 43.59
	 48.62	 0.00	 96.13	 0.00	 -40	 10	 80	 120	 25.31
	 48.72	 0.00	 43.43	 0.00	 -40	 10	 80	 120	 13.08
	 48.83	 0.00	 43.43	 0.00	 -40	 10	 80	 120	 -6.28
	 48.93	 0.00	 43.43	 0.00	 -40	 10	 80	 120	 -18.09
	 49.03	 0.00	 -3.76	 0.00	 -40	 10	 80	 120	 -25.69
	 49.13	 0.00	 -3.76	 0.00	 -40	 10	 80	 120	 -31.80
	 49.24	 0.00	 -3.76	 0.00	 -40	 10	 80	 120	 -45.88
	 49.34	 0.00	 -34.46	 0.00	 -40	 10	 80	 120	 -34.78
	 49.44	 0.00	 -34.46	 0.00	 -40	 10	 80	 120	 -40.31
	 49.55	 0.00	 -34.46	 0.00	 -40	 10	 80	 120	 -30.53
	 49.65	 0.00	 -35.21	 0.00	 -40	 10	 80	 120	 -21.54
	 49.75	 0.00	 -35.21	 0.00	 -40	 10	 80	 120	 -19.65
	 49.85	 0.00	 -35.21	 0.00	 -40	 10	 80	 120	 -1.42
	 49.96	 0.00	 -14.20	 0.00	 -40	 10	 80	 120	 8.89
	 50.06	 0.00	 -14.20	 0.00	 -40	 10	 80	 120	 22.40
	 50.16	 0.00	 -14.20	 0.00	 -40	 10	 80	 120	 41.76
	 50.26	 0.00	 24.35	 0.00	 -40	 10	 80	 120	 48.13
	 50.37	 0.00	 24.35	 0.00	 -40	 10	 80	 120	 61.67
	 50.47	 0.00	 24.35	 0.00	 -40	 10	 80	 120	 91.03
	 50.57	 0.00	 66.94	 0.00	 -40	 10	 80	 120	 95.33
	 50.67	 0.00	 66.94	 0.00	 -40	 10	 80	 120	 109.38
	 50.78	 0.00	 66.94	 0.00	 -40	 10	 80	 120	 115.37
	 50.88	 0.00	 106.69	 0.00	 -40	 10	 80	 120	 124.24
	 50.98	 0.00	 106.69	 0.00	 -40	 10	 80	 120	 119.81
	 51.09	 0.00	 106.69	 0.00	 -40	 10	 80	 120	 117.01
	 51.19	 0.00	 120.36	 0.00	 -40	 10	 80	 120	 106.95
	 51.29	 0.00	 120.36	 0.00	 -40	 10	 80	 120	 104.99
	 51.39	 0.00	 120.36	 0.00	 -40	 10	 80	 120	 87.34
	 51.50	 0.00	 99.76	 0.00	 -40	 10	 80	 120	 74.56
	 51.60	 0.00	 99.76	 0.00	 -40	 10	 80	 120	 58.38
	 51.70	 0.00	 99.76	 0.00	 -40	 10	 80	 120	 41.16
	 51.80	 0.00	 58.03	 0.00	 -40	 10	 80	 120	 23.72
	 51.91	 0.00	 58.03	 0.00	 -40	 10	 80	 120	 16.91
	 52.01	 0.00	 58.03	 0.00	 -40	 10	 80	 120	 -9.91
	 52.11	 0.00	 10.24	 0.00	 -40	 10	 80	 120	 -18.85
	 52.21	 0.00	 10.24	 0.00	 -40	 10	 80	 120	 -34.69
	 52.32	 0.00	 10.24	 0.00	 -40	 10	 80	 120	 -35.58
	 52.42	 0.00	 -29.71	 0.00	 -40	 10	 80	 120	 -30.45
	 52.52	 0.00	 -29.71	 0.00	 -40	 10	 80	 120	 -35.00
	 52.63	 0.00	 -29.71	 0.00	 -40	 10	 80	 120	 -33.20
	 52.73	 0.00	 -32.88	 0.00	 -40	 10	 80	 120	 -40.09
	 52.83	 0.00	 -32.88	 0.00	 -40	 10	 80	 120	 -29.99
	 52.93	 0.00	 -32.88	 0.00	 -40	 10	 80	 120	 -15.07
	 53.04	 0.00	 -28.38	 0.00	 -40	 10	 80	 120	 -9.87
	 53.14	 0.00	 -28.38	 0.00	 -40	 10	 80	 120	 5.91
	 53.24	 0.00	 -28.38	 0.00	 -40	 10	 80	 120	 19.94
	 53.34	 0.00	 5.33	 0.00	 -40	 10	 80	 120	 42.22
	 53.45	 0.00	 5.33	 0.00	 -40	 10	 80	 120	 68.40
	 53.55	 0.00	 5.33	 0.00	 -40	 10	 80	 120	 79.64
	 53.65	 0.00	 63.42	 0.00	 -40	 10	 80	 120	 90.16
	 53.75	 0.00	 63.42	 0.00	 -40	 10	 80	 120	 103.66
	 53.86	 0.00	 63.42	 0.00	 -40	 10	 80	 120	 117.44
	 53.96	 0.00	 103.75	 0.00	 -40	 10	 80	 120	 126.33
	 54.06	 0.00	 103.75	 0.00	 -40	 10	 80	 120	 115.88
	 54.17	 0.00	 103.75	 0.00	 -40	 10	 80	 120	 127.11
	 54.27	 0.00	 123.11	 0.00	 -40	 10	 80	 120	 120.95
	 54.37	 0.00	 123.11	 0.00	 -40	 10	 80	 120	 99.74
	 54.47	 0.00	 123.11	 0.00	 -40	 10	 80	 120	 87.60
	 54.58	 0.00	 102.76	 0.00	 -40	 10	 80	 120	 76.15
	 54.68	 0.00	 102.76	 0.00	 -40	 10	 80	 120	 72.69
	 54.78	 0.00	 102.76	 0.00	 -40	 10	 80	 120	 51.93
	 54.88	 0.00	 66.93	 0.00	 -40	 10	 80	 120	 37.70
	 54.99	 0.00	 66.93	 0.00	 -40	 10	 80	 120	 30.37
	 55.09	 0.00	 66.93	 0.00	 -40	 10	 80	 120	 11.78
	 55.19	 0.00	 26.61	 0.00	 -40	 10	 80	 120	 -13.28
	 55.29	 0.00	 26.61	 0.00	 -40	 10	 80	 120	 -13.48
	 55.40	 0.00	 26.61	 0.00	 -40	 10	 80	 120	 -37.08
	 55.50	 0.00	 -21.28	 0.00	 -40	 10	 80	 120	 -36.93
	 55.60	 0.00	 -21.28	 0.00	 -40	 10	 80	 120	 -48.46
	 55.71	 0.00	 -21.28	 0.00	 -40	 10	 80	 120	 -42.68
	 55.81	 0.00	 -42.69	 0.00	 -40	 10	 80	 120	 -30.58
	 55.91	 0.00	 -42.69	 0.00	 -40	 10	 80	 120	 -32.23
	 56.01	 0.00	 -42.69	 0.00	 -40	 10	 80	 120	 -23.90
	 56.12	 0.00	 -28.90	 0.00	 -40	 10	 80	 120	 -5.13
	 56.22	 0.00	 -28.90	 0.00	 -40	 10	 80	 120	 -4.18
	 56.32	 0.00	 -28.90	 0.00	 -40	 10	 80	 120	 18.26
	 56.42	 0.00	 2.98	 0.00	 -40	 10	 80	 120	 44.37
	 56.53	 0.00	 2.98	 0.00	 -40	 10	 80	 120	 55.80
	 56.63	 0.00	 2.98	 0.00	 -40	 10	 80	 120	 68.53
	 56.73	 0.00	 56.23	 0.00	 -40	 10	 80	 120	 79.22
	 56.83	 0.00	 56.23	 0.00	 -40	 10	 80	 120	 97.07
	 56.94	 0.00	 56.23	 0.00	 -40	 10	 80	 120	 96.47
	 57.04	 0.00	 90.92	 0.00	 -40	 10	 80	 120	 123.17
	 57.14	 0.00	 90.92	 0.00	 -40	 10	 80	 120	 123.71
	 57.24	 0.00	 90.92	 0.00	 -40	 10	 80	 120	 115.97
	 57.35	 0.00	 120.95	 0.00	 -40	 10	 80	 120	 114.86
	 57.45	 0.00	 120.95	 0.00	 -40	 10	 80	 120	 114.52
	 57.55	 0.00	 120.95	 0.00	 -40	 10	 80	 120	 100.98
	 57.66	 0.00	 110.12	 0.00	 -40	 10	 80	 120	 98.93
	 57.76	 0.00	 110.12	 0.00	 -40	 10	 80	 120	 80.54
	 57.86	 0.00	 110.12	 0.00	 -40	 10	 80	 120	 61.63
	 57.96	 0.00	 80.36	 0.00	 -40	 10	 80	 120	 45.54
	 58.07	 0.00	 80.36	 0.00	 -40	 10	 80	 120	 29.09
	 58.17	 0.00	 80.36	 0.00	 -40	 10	 80	 120	 22.12
	 58.27	 0.00	 32.25	 0.00	 -40	 10	 80	 120	 0.01
	 58.37	 0.00	 32.25	 0.00	 -40	 10	 80	 120	 -9.45
	 58.48	 0.00	 32.25	 0.00	 -40	 10	 80	 120	 -16.60
	 58.58	 0.00	 -8.68	 0.00	 -40	 10	 80	 120	 -25.18
	 58.68	 0.00	 -8.68	 0.00	 -40	 10	 80	 120	 -47.67
	 58.78	 0.00	 -8.68	 0.00	 -40	 10	 80	 120	 -42.95
	 58.89	 0.00	 -38.60	 0.00	 -40	 10	 80	 120	 -34.84
	 58.99	 0.00	 -38.60	 0.00	 -40	 10	 80	 120	 -44.46
	 59.09	 0.00	 -38.60	 0.00	 -40	 10	 80	 120	 -31.90
	 59.20	 0.00	 -37.07	 0.00	 -40	 10	 80	 120	 -9.63
	 59.30	 0.00	 -37.07	 0.00	 -40	 10	 80	 120	 4.12
	 59.40	 0.00	 -37.07	 0.00	 -40	 10	 80	 120	 15.73
	 59.50	 0.00	 3.41	 0.00	 -40	 10	 80	 120	 27.58
	 59.61	 0.00	 3.41	 0.00	 -40	 10	 80	 120	 47.84
	 59.71	 0.00	 3.41	 0.00	 -40	 10	 80	 120	 61.98
	 59.81	 0.00	 45.80	 0.00	 -40	 10	 80	 120	 82.62
	 59.91	 0.00	 45.80	 0.00	 -40	 10	 80	 120	 87.51
	 60.02	 0.00	 45.80	 0.00	 -40	 10	 80	 120	 105.50
	 60.12	 0.00	 91.87	 0.00	 -40	 10	 80	 120	 115.85
	 60.22	 0.00	 91.87	 0.00	 -40	 10	 80	 120	 125.35
	 60.32	 0.00	 91.87	 0.00	 -40	 10	 80	 120	 114.62
	 60.43	 0.00	 118.61	 0.00	 -40	 10	 80	 120	 110.55
	 60.53	 0.00	 118.61	 0.00	 -40	 10	 80	 120	 106.12
	 60.63	 0.00	 118.61	 0.00	 -40	 10	 80	 120	 114.48
	 60.74	 0.00	 110.38	 0.00	 -40	 10	 80	 120	 97.00
	 60.84	 0.00	 110.38	 0.00	 -40	 10	 80	 120	 94.91
	 60.94	 0.00	 110.38	 0.00	 -40	 10	 80	 120	 66.79
	 61.04	 0.00	 86.24	 0.00	 -40	 10	 80	 120	 65.25
	 61.15	 0.00	 86.24	 0.00	 -40	 10	 80	 120	 37.09
	 61.25	 0.00	 86.24	 0.00	 -40	 10	 80	 120	 32.84
	 61.35	 0.00	 45.06	 0.00	 -40	 10	 80	 120	 -0.11
	 61.45	 0.00	 45.06	 0.00	 -40	 10	 80	 120	 -7.50
	 61.56	 0.00	 45.06	 0.00	 -40	 10	 80	 120	 -19.16
	 61.66	 0.00	 -8.92	 0.00	 -40	 10	 80	 120	 -30.31
	 61.76	 0.00	 -8.92	 0.00	 -40	 10	 80	 120	 -27.68
	 61.86	 0.00	 -8.92	 0.00	 -40	 10	 80	 120	 -45.99
	 61.97	 0.00	 -34.66	 0.00	 -40	 10	 80	 120	 -37.92
	 62.07	 0.00	 -34.66	 0.00	 -40	 10	 80	 120	 -28.49
	 62.17	 0.00	 -34.66	 0.00	 -40	 10	 80	 120	 -28.86
	 62.27	 0.00	 -31.76	 0.00	 -40	 10	 80	 120	 -27.15
	 62.38	 0.00	 -31.76	 0.00	 -40	 10	 80	 120	 -10.76
	 62.48	 0.00	 -31.76	 0.00	 -40	 10	 80	 120	 5.67
	 62.58	 0.00	 -10.75	 0.00	 -40	 10	 80	 120	 22.84
	 62.69	 0.00	 -10.75	 0.00	 -40	 10	 80	 120	 25.83
	 62.79	 0.00	 -10.75	 0.00	 -40	 10	 80	 120	 56.44
	 62.89	 0.00	 35.04	 0.00	 -40	 10	 80	 120	 63.34
	 62.99	 0.00	 35.04	 0.00	 -40	 10	 80	 120	 72.19
	 63.10	 0.00	 35.04	 0.00	 -40	 10	 80	 120	 95.49
	 63.20	 0.00	 77.00	 0.00	 -40	 10	 80	 120	 98.52
	 63.30	 0.00	 77.00	 0.00	 -40	 10	 80	 120	 107.83
	 63.40	 0.00	 77.00	 0.00	 -40	 10	 80	 120	 113.03
	 63.51	 0.00	 106.46	 0.00	 -40	 10	 80	 120	 115.99
	 63.61	 0.00	 106.46	 0.00	 -40	 10	 80	 120	 125.57
	 63.71	 0.00	 106.46	 0.00	 -40	 10	 80	 120	 106.89
	 63.81	 0.00	 116.15	 0.00	 -40	 10	 80	 120	 97.05
	 63.92	 0.00	 116.15	 0.00	 -40	 10	 80	 120	 102.42
	 64.02	 0.00	 116.15	 0.00	 -40	 10	 80	 120	 80.58
	 64.12	 0.00	 93.35	 0.00	 -40	 10	 80	 120	 74.83
	 64.22	 0.00	 93.35	 0.00	 -40	 10	 80	 120	 61.06
	 64.33	 0.00	 93.35	 0.00	 -40	 10	 80	 120	 32.47
	 64.43	 0.00	 56.12	 0.00	 -40	 10	 80	 120	 11.38
	 64.53	 0.00	 56.12	 0.00	 -40	 10	 80	 120	 -1.85
	 64.63	 0.00	 56.12	 0.00	 -40	 10	 80	 120	 -3.72
	 64.74	 0.00	 1.93	 0.00	 -40	 10	 80	 120	 -21.49
	 64.84	 0.00	 1.93	 0.00	 -40	 10	 80	 120	 -29.66
	 64.94	 0.00	 1.93	 0.00	 -40	 10	 80	 120	 -44.79
	 65.05	 0.00	 -31.98	 0.00	 -40	 10	 80	 120	 -49.74
	 65.15	 0.00	 -31.98	 0.00	 -40	 10	 80	 120	 -35.37
	 65.25	 0.00	 -31.98	 0.00	 -40	 10	 80	 120	 -41.63
	 65.35	 0.00	 -42.25	 0.00	 -40	 10	 80	 120	 -36.70
	 65.46	 0.00	 -42.25	 0.00	 -40	 10	 80	 120	 -16.97
	 65.56	 0.00	 -42.25	 0.00	 -40	 10	 80	 120	 -8.80
	 65.66	 0.00	 -20.83	 0.00	 -40	 10	 80	 120	 5.61
	 65.76	 0.00	 -20.83	 0.00	 -40	 10	 80	 120	 18.10
	 65.87	 0.00	 -20.83	 0.00	 -40	 10	 80	 120	 38.45
	 65.97	 0.00	 20.72	 0.00	 -40	 10	 80	 120	 59.67
	 66.07	 0.00	 20.72	 0.00	 -40	 10	 80	 120	 64.53
	 66.18	 0.00	 20.72	 0.00	 -40	 10	 80	 120	 84.77
	 66.28	 0.00	 69.66	 0.00	 -40	 10	 80	 120	 97.11
	 66.38	 0.00	 69.66	 0.00	 -40	 10	 80	 120	 113.13
	 66.48	 0.00	 69.66	 0.00	 -40	 10	 80	 120	 120.27
	 66.59	 0.00	 110.17	 0.00	 -40	 10	 80	 120	 125.22
	 66.69	 0.00	 110.17	 0.00	 -40	 10	 80	 120	 121.83
	 66.79	 0.00	 110.17	 0.00	 -40	 10	 80	 120	 119.14
	 66.89	 0.00	 122.06	 0.00	 -40	 10	 80	 120	 101.10
	 67.00	 0.00	 122.06	 0.00	 -40	 10	 80	 120	 101.19
	 67.10	 0.00	 122.06	 0.00	 -40	 10	 80	 120	 85.58
	 67.20	 0.00	 95.96	 0.00	 -40	 10	 80	 120	 81.83
	 67.30	 0.00	 95.96	 0.00	 -40	 10	 80	 120	 58.68
	 67.41	 0.00	 95.96	 0.00	 -40	 10	 80	 120	 37.47
	 67.51	 0.00	 59.33	 0.00	 -40	 10	 80	 120	 28.19
	 67.61	 0.00	 59.33	 0.00	 -40	 10	 80	 120	 5.06
	 67.72	 0.00	 59.33	 0.00	 -40	 10	 80	 120	 3.35
	 67.82	 0.00	 12.20	 0.00	 -40	 10	 80	 120	 -21.62
	 67.92	 0.00	 12.20	 0.00	 -40	 10	 80	 120	 -31.42
	 68.02	 0.00	 12.20	 0.00	 -40	 10	 80	 120	 -40.39
	 68.12	 0.00	 -31.14	 0.00	 -40	 10	 80	 120	 -34.38
	 68.23	 0.00	 -31.14	 0.00	 -40	 10	 80	 120	 -48.00
	 68.33	 0.00	 -31.14	 0.00	 -40	 10	 80	 120	 -35.30
	 68.43	 0.00	 -39.23	 0.00	 -40	 10	 80	 120	 -27.22
	 68.54	 0.00	 -39.23	 0.00	 -40	 10	 80	 120	 -16.17
	 68.64	 0.00	 -39.23	 0.00	 -40	 10	 80	 120	 -12.30
	 68.74	 0.00	 -18.56	 0.00	 -40	 10	 80	 120	 3.73
	 68.84	 0.00	 -18.56	 0.00	 -40	 10	 80	 120	 6.47
	 68.95	 0.00	 -18.56	 0.00	 -40	 10	 80	 120	 20.62
	 69.05	 0.00	 10.27	 0.00	 -40	 10	 80	 120	 53.91
	 69.15	 0.00	 10.27	 0.00	 -40	 10	 80	 120	 58.10
	 69.25	 0.00	 10.27	 0.00	 -40	 10	 80	 120	 86.22
	 69.36	 0.00	 66.08	 0.00	 -40	 10	 80	 120	 93.92
	 69.46	 0.00	 66.08	 0.00	 -40	 10	 80	 120	 104.46
	 69.56	 0.00	 66.08	 0.00	 -40	 10	 80	 120	 110.29
	 69.66	 0.00	 102.89	 0.00	 -40	 10	 80	 120	 112.21
	 69.77	 0.00	 102.89	 0.00	 -40	 10	 80	 120	 116.86
	 69.87	 0.00	 102.89	 0.00	 -40	 10	 80	 120	 110.14
	 69.97	 0.00	 113.07	 0.00	 -40	 10	 80	 120	 124.12
	 70.08	 0.00	 113.07	 0.00	 -40	 10	 80	 120	 97.90
	 70.18	 0.00	 113.07	 0.00	 -40	 10	 80	 120	 100.81
	 70.28	 0.00	 107.61	 0.00	 -40	 10	 80	 120	 77.41
	 70.38	 0.00	 107.61	 0.00	 -40	 10	 80	 120	 65.83
	 70.49	 0.00	 107.61	 0.00	 -40	 10	 80	 120	 58.24
	 70.59	 0.00	 67.16	 0.00	 -40	 10	 80	 120	 43.01
	 70.69	 0.00	 67.16	 0.00	 -40	 10	 80	 120	 21.67
	 70.79	 0.00	 67.16	 0.00	 -40	 10	 80	 120	 12.06
	 70.90	 0.00	 25.58	 0.00	 -40	 10	 80	 120	 -4.15
	 71.00	 0.00	 25.58	 0.00	 -40	 10	 80	 120	 -13.27
	 71.10	 0.00	 25.58	 0.00	 -40	 10	 80	 120	 -37.92
	 71.20	 0.00	 -18.45	 0.00	 -40	 10	 80	 120	 -36.77
	 71.31	 0.00	 -18.45	 0.00	 -40	 10	 80	 120	 -47.42
	 71.41	 0.00	 -18.45	 0.00	 -40	 10	 80	 120	 -33.71
	 71.51	 0.00	 -39.30	 0.00	 -40	 10	 80	 120	 -45.67
	 71.62	 0.00	 -39.30	 0.00	 -40	 10	 80	 120	 -38.45
	 71.72	 0.00	 -39.30	 0.00	 -40	 10	 80	 120	 -22.11
	 71.82	 0.00	 -35.41	 0.00	 -40	 10	 80	 120	 -18.38
	 71.92	 0.00	 -35.41	 0.00	 -40	 10	 80	 120	 12.54
	 72.03	 0.00	 -35.41	 0.00	 -40	 10	 80	 120	 15.80
	 72.13	 0.00	 3.32	 0.00	 -40	 10	 80	 120	 44.06
	 72.23	 0.00	 3.32	 0.00	 -40	 10	 80	 120	 45.49
	 72.33	 0.00	 3.32	 0.00	 -40	 10	 80	 120	 71.24
	 72.44	 0.00	 53.60	 0.00	 -40	 10	 80	 120	 91.95
	 72.54	 0.00	 53.60	 0.00	 -40	 10	 80	 120	 97.85
	 72.64	 0.00	 53.60	 0.00	 -40	 10	 80	 120	 105.29
	 72.75	 0.00	 98.36	 0.00	 -40	 10	 80	 120	 112.05
	 72.85	 0.00	 98.36	 0.00	 -40	 10	 80	 120	 108.65
	 72.95	 0.00	 98.36	 0.00	 -40	 10	 80	 120	 114.98
	 73.05	 0.00	 111.89	 0.00	 -40	 10	 80	 120	 109.93
	 73.16	 0.00	 111.89	 0.00	 -40	 10	 80	 120	 106.59
	 73.26	 0.00	 111.89	 0.00	 -40	 10	 80	 120	 113.17
	 73.36	 0.00	 109.90	 0.00	 -40	 10	 80	 120	 84.16
	 73.46	 0.00	 109.90	 0.00	 -40	 10	 80	 120	 73.81
	 73.57	 0.00	 109.90	 0.00	 -40	 10	 80	 120	 73.93
	 73.67	 0.00	 77.30	 0.00	 -40	 10	 80	 120	 52.69
	 73.77	 0.00	 77.30	 0.00	 -40	 10	 80	 120	 36.40
	 73.87	 0.00	 77.30	 0.00	 -40	 10	 80	 120	 11.42
	 73.98	 0.00	 33.50	 0.00	 -40	 10	 80	 120	 7.28
	 74.08	 0.00	 33.50	 0.00	 -40	 10	 80	 120	 -20.22
	 74.18	 0.00	 33.50	 0.00	 -40	 10	 80	 120	 -30.51
	 74.29	 0.00	 -14.48	 0.00	 -40	 10	 80	 120	 -41.05
	 74.39	 0.00	 -14.48	 0.00	 -40	 10	 80	 120	 -28.60
	 74.49	 0.00	 -14.48	 0.00	 -40	 10	 80	 120	 -38.94
	 74.59	 0.00	 -36.20	 0.00	 -40	 10	 80	 120	 -40.90
	 74.70	 0.00	 -36.20	 0.00	 -40	 10	 80	 120	 -25.52
	 74.80	 0.00	 -36.20	 0.00	 -40	 10	 80	 120	 -22.08
	 74.90	 0.00	 -29.50	 0.00	 -40	 10	 80	 120	 -10.74
	 75.00	 0.00	 -29.50	 0.00	 -40	 10	 80	 120	 4.99
	 75.11	 0.00	 -29.50	 0.00	 -40	 10	 80	 120	 15.44
	 75.21	 0.00	 3.23	 0.00	 -40	 10	 80	 120	 20.27
	 75.31	 0.00	 3.23	 0.00	 -40	 10	 80	 120	 48.52
	 75.41	 0.00	 3.23	 0.00	 -40	 10	 80	 120	 61.67
	 75.52	 0.00	 43.49	 0.00	 -40	 10	 80	 120	 72.33
	 75.62	 0.00	 43.49	 0.00	 -40	 10	 80	 120	 92.26
	 75.72	 0.00	 43.49	 0.00	 -40	 10	 80	 120	 95.29
	 75.82	 0.00	 86.63	 0.00	 -40	 10	 80	 120	 117.69
	 75.93	 0.00	 86.63	 0.00	 -40	 10	 80	 120	 113.25
	 76.03	 0.00	 86.63	 0.00	 -40	 10	 80	 120	 123.59
	 76.13	 0.00	 118.18	 0.00	 -40	 10	 80	 120	 121.58
	 76.23	 0.00	 118.18	 0.00	 -40	 10	 80	 120	 107.17
	 76.34	 0.00	 118.18	 0.00	 -40	 10	 80	 120	 115.63
	 76.44	 0.00	 114.79	 0.00	 -40	 10	 80	 120	 104.10
	 76.54	 0.00	 114.79	 0.00	 -40	 10	 80	 120	 78.03
	 76.65	 0.00	 114.79	 0.00	 -40	 10	 80	 120	 75.08
	 76.75	 0.00	 85.74	 0.00	 -40	 10	 80	 120	 51.55
	 76.85	 0.00	 85.74	 0.00	 -40	 10	 80	 120	 37.40
	 76.95	 0.00	 85.74	 0.00	 -40	 10	 80	 120	 32.84
	 77.06	 0.00	 40.60	 0.00	 -40	 10	 80	 120	 10.18
	 77.16	 0.00	 40.60	 0.00	 -40	 10	 80	 120	 -13.24
	 77.26	 0.00	 40.60	 0.00	 -40	 10	 80	 120	 -9.94
	 77.36	 0.00	 -4.33	 0.00	 -40	 10	 80	 120	 -31.23
	 77.47	 0.00	 -4.33	 0.00	 -40	 10	 80	 120	 -28.68
	 77.57	 0.00	 -4.33	 0.00	 -40	 10	 80	 120	 -38.94
	 77.67	 0.00	 -32.95	 0.00	 -40	 10	 80	 120	 -32.93
	 77.77	 0.00	 -32.95	 0.00	 -40	 10	 80	 120	 -31.57
	 77.88	 0.00	 -32.95	 0.00	 -40	 10	 80	 120	 -32.93
	 77.98	 0.00	 -32.48	 0.00	 -40	 10	 80	 120	 -29.24
	 78.08	 0.00	 -32.48	 0.00	 -40	 10	 80	 120	 -3.00
	 78.19	 0.00	 -32.48	 0.00	 -40	 10	 80	 120	 9.39
	 78.29	 0.00	 -7.62	 0.00	 -40	 10	 80	 120	 13.69
	 78.39	 0.00	 -7.62	 0.00	 -40	 10	 80	 120	 40.68
	 78.49	 0.00	 -7.62	 0.00	 -40	 10	 80	 120	 39.13
	 78.60	 0.00	 31.17	 0.00	 -40	 10	 80	 120	 63.04
	 78.70	 0.00	 31.17	 0.00	 -40	 10	 80	 120	 81.91
	 78.80	 0.00	 31.17	 0.00	 -40	 10	 80	 120	 83.37
	 78.90	 0.00	 76.11	 0.00	 -40	 10	 80	 120	 97.34
	 79.01	 0.00	 76.11	 0.00	 -40	 10	 80	 120	 106.70
	 79.11	 0.00	 76.11	 0.00	 -40	 10	 80	 120	 123.96
	 79.21	 0.00	 109.33	 0.00	 -40	 10	 80	 120	 118.98
	 79.31	 0.00	 109.33	 0.00	 -40	 10	 80	 120	 109.63
	 79.42	 0.00	 109.33	 0.00	 -40	 10	 80	 120	 120.01
	 79.52	 0.00	 116.21	 0.00	 -40	 10	 80	 120	 99.14
	 79.62	 0.00	 116.21	 0.00	 -40	 10	 80	 120	 100.65
	 79.73	 0.00	 116.21	 0.00	 -40	 10	 80	 120	 79.85
	 79.83	 0.00	 93.21	 0.00	 -40	 10	 80	 120	 64.97
	 79.93	 0.00	 93.21	 0.00	 -40	 10	 80	 120	 55.21