#Trabalho Fisica Aplicada a Computação - Mestre Nuno

#Gerador de Seno - 1º Ano - FAC 2018-19

#	 T	 	 Media	 MMM	 Tmin	 T0	 T1	 Tmax	 t
	 0.17	 0.00	 0.00	 -40	 10	 80	 120	 73.41
	 0.27	 73.23	 0.00	 -40	 10	 80	 120	 92.41
	 0.37	 118.32	 0.00	 -40	 10	 80	 120	 98.26
	 0.48	 111.64	 0.00	 -40	 10	 80	 120	 117.28
	 0.58	 113.05	 0.00	 -40	 10	 80	 120	 114.26
	 0.68	 113.29	 0.00	 -40	 10	 80	 120	 110.00
	 0.78	 112.74	 0.00	 -40	 10	 80	 120	 126.39
	 0.89	 114.69	 0.00	 -40	 10	 80	 120	 111.46
	 0.99	 114.29	 0.00	 -40	 10	 80	 120	 104.52
	 1.09	 113.20	 0.00	 -40	 10	 80	 120	 84.86
	 1.19	 110.37	 0.00	 -40	 10	 80	 120	 84.79
	 1.30	 108.04	 0.00	 -40	 10	 80	 120	 70.10
	 1.40	 104.88	 0.00	 -40	 10	 80	 120	 59.29
	 1.50	 101.37	 0.00	 -40	 10	 80	 120	 30.01
	 1.60	 96.28	 0.00	 -40	 10	 80	 120	 22.94
	 1.70	 91.39	 0.00	 -40	 10	 80	 120	 -2.40
	 1.81	 85.52	 0.00	 -40	 10	 80	 120	 -10.08
	 1.91	 79.90	 0.00	 -40	 10	 80	 120	 -31.78
	 2.01	 73.70	 0.00	 -40	 10	 80	 120	 -34.80
	 2.11	 67.99	 0.00	 -40	 10	 80	 120	 -39.88
	 2.22	 62.59	 0.00	 -40	 10	 80	 120	 -37.78
	 2.32	 57.81	 0.00	 -40	 10	 80	 120	 -40.35
	 2.42	 53.35	 0.00	 -40	 10	 80	 120	 -26.59
	 2.52	 49.88	 0.00	 -40	 10	 80	 120	 -25.71
	 2.63	 46.73	 0.00	 -40	 10	 80	 120	 -27.99
	 2.73	 43.74	 0.00	 -40	 10	 80	 120	 -14.69
	 2.83	 41.49	 0.00	 -40	 10	 80	 120	 6.44
	 2.93	 40.19	 0.00	 -40	 10	 80	 120	 26.07
	 3.04	 39.69	 0.00	 -40	 10	 80	 120	 37.27
	 3.14	 39.60	 0.00	 -40	 10	 80	 120	 54.49
	 3.24	 40.10	 0.00	 -40	 10	 80	 120	 74.21
	 3.34	 41.20	 0.00	 -40	 10	 80	 120	 80.36
	 3.44	 42.42	 0.00	 -40	 10	 80	 120	 93.88
	 3.55	 43.98	 0.00	 -40	 10	 80	 120	 109.87
	 3.65	 45.92	 0.00	 -40	 10	 80	 120	 114.04
	 3.75	 47.87	 0.00	 -40	 10	 80	 120	 117.13
	 3.85	 49.79	 0.00	 -40	 10	 80	 120	 109.87
	 3.96	 51.42	 0.00	 -40	 10	 80	 120	 126.27
	 4.06	 53.39	 0.00	 -40	 10	 80	 120	 113.47
	 4.16	 54.93	 0.00	 -40	 10	 80	 120	 110.70
	 4.26	 56.32	 0.00	 -40	 10	 80	 120	 81.22
	 4.36	 56.93	 0.00	 -40	 10	 80	 120	 74.70
	 4.47	 57.35	 0.00	 -40	 10	 80	 120	 53.48
	 4.57	 57.26	 0.00	 -40	 10	 80	 120	 46.61
	 4.67	 57.02	 0.00	 -40	 10	 80	 120	 31.33
	 4.77	 56.45	 0.00	 -40	 10	 80	 120	 17.29
	 4.88	 55.60	 0.00	 -40	 10	 80	 120	 4.47
	 4.98	 54.51	 0.00	 -40	 10	 80	 120	 -9.78
	 5.08	 53.17	 0.00	 -40	 10	 80	 120	 -29.66
	 5.18	 51.48	 0.00	 -40	 10	 80	 120	 -40.86
	 5.28	 49.63	 0.00	 -40	 10	 80	 120	 -45.08
	 5.39	 47.77	 0.00	 -40	 10	 80	 120	 -41.99
	 5.49	 46.05	 0.00	 -40	 10	 80	 120	 -41.58
	 5.59	 44.40	 0.00	 -40	 10	 80	 120	 -36.92
	 5.69	 42.89	 0.00	 -40	 10	 80	 120	 -18.19
	 5.80	 41.78	 0.00	 -40	 10	 80	 120	 -8.60
	 5.90	 40.88	 0.00	 -40	 10	 80	 120	 3.21
	 6.00	 40.22	 0.00	 -40	 10	 80	 120	 3.94
	 6.10	 39.59	 0.00	 -40	 10	 80	 120	 26.70
	 6.21	 39.37	 0.00	 -40	 10	 80	 120	 33.97
	 6.31	 39.28	 0.00	 -40	 10	 80	 120	 61.07
	 6.41	 39.64	 0.00	 -40	 10	 80	 120	 80.35
	 6.51	 40.30	 0.00	 -40	 10	 80	 120	 85.28
	 6.61	 41.01	 0.00	 -40	 10	 80	 120	 108.02
	 6.72	 42.06	 0.00	 -40	 10	 80	 120	 107.24
	 6.82	 43.06	 0.00	 -40	 10	 80	 120	 114.59
	 6.92	 44.15	 0.00	 -40	 10	 80	 120	 116.68
	 7.02	 45.23	 0.00	 -40	 10	 80	 120	 127.45
	 7.13	 46.44	 0.00	 -40	 10	 80	 120	 105.92
	 7.23	 47.30	 0.00	 -40	 10	 80	 120	 108.23
	 7.33	 48.17	 0.00	 -40	 10	 80	 120	 91.57
	 7.43	 48.78	 0.00	 -40	 10	 80	 120	 79.52
	 7.54	 49.21	 0.00	 -40	 10	 80	 120	 70.49
	 7.64	 49.50	 0.00	 -40	 10	 80	 120	 66.08
	 7.74	 49.72	 0.00	 -40	 10	 80	 120	 45.92
	 7.84	 49.67	 0.00	 -40	 10	 80	 120	 24.52
	 7.95	 49.34	 0.00	 -40	 10	 80	 120	 9.88
	 8.05	 48.83	 0.00	 -40	 10	 80	 120	 -3.64
	 8.15	 48.16	 0.00	 -40	 10	 80	 120	 -23.17
	 8.25	 47.25	 0.00	 -40	 10	 80	 120	 -31.32
	 8.35	 46.27	 0.00	 -40	 10	 80	 120	 -31.74
	 8.46	 45.31	 0.00	 -40	 10	 80	 120	 -46.94
	 8.56	 44.18	 0.00	 -40	 10	 80	 120	 -40.93
	 8.66	 43.16	 0.00	 -40	 10	 80	 120	 -44.57
	 8.76	 42.11	 0.00	 -40	 10	 80	 120	 -27.99
	 8.86	 41.29	 0.00	 -40	 10	 80	 120	 -31.33
	 8.97	 40.44	 0.00	 -40	 10	 80	 120	 -20.12
	 9.07	 39.75	 0.00	 -40	 10	 80	 120	 6.26
	 9.17	 39.37	 0.00	 -40	 10	 80	 120	 21.39
	 9.27	 39.17	 0.00	 -40	 10	 80	 120	 31.37
	 9.38	 39.08	 0.00	 -40	 10	 80	 120	 51.82
	 9.48	 39.22	 0.00	 -40	 10	 80	 120	 63.59
	 9.58	 39.48	 0.00	 -40	 10	 80	 120	 84.50
	 9.68	 39.97	 0.00	 -40	 10	 80	 120	 90.90
	 9.79	 40.51	 0.00	 -40	 10	 80	 120	 98.96
	 9.89	 41.13	 0.00	 -40	 10	 80	 120	 109.44
	 9.99	 41.84	 0.00	 -40	 10	 80	 120	 108.81
	 10.09	 42.53	 0.00	 -40	 10	 80	 120	 125.96
	 10.19	 43.38	 0.00	 -40	 10	 80	 120	 124.77
	 10.30	 44.20	 0.00	 -40	 10	 80	 120	 106.30
	 10.40	 44.82	 0.00	 -40	 10	 80	 120	 102.67
	 10.50	 45.39	 0.00	 -40	 10	 80	 120	 105.33
	 10.60	 45.98	 0.00	 -40	 10	 80	 120	 78.65
	 10.71	 46.30	 0.00	 -40	 10	 80	 120	 73.01
	 10.81	 46.56	 0.00	 -40	 10	 80	 120	 53.31
	 10.91	 46.62	 0.00	 -40	 10	 80	 120	 34.89
	 11.02	 46.51	 0.00	 -40	 10	 80	 120	 25.76
	 11.12	 46.32	 0.00	 -40	 10	 80	 120	 -2.43
	 11.22	 45.86	 0.00	 -40	 10	 80	 120	 -10.47
	 11.32	 45.35	 0.00	 -40	 10	 80	 120	 -18.36
	 11.42	 44.77	 0.00	 -40	 10	 80	 120	 -27.82
	 11.53	 44.11	 0.00	 -40	 10	 80	 120	 -39.29
	 11.63	 43.37	 0.00	 -40	 10	 80	 120	 -47.58
	 11.73	 42.57	 0.00	 -40	 10	 80	 120	 -41.57
	 11.83	 41.83	 0.00	 -40	 10	 80	 120	 -43.23
	 11.94	 41.09	 0.00	 -40	 10	 80	 120	 -36.66
	 12.04	 40.42	 0.00	 -40	 10	 80	 120	 -29.25
	 12.14	 39.82	 0.00	 -40	 10	 80	 120	 -13.33
	 12.24	 39.37	 0.00	 -40	 10	 80	 120	 3.73
	 12.35	 39.07	 0.00	 -40	 10	 80	 120	 22.08
	 12.45	 38.93	 0.00	 -40	 10	 80	 120	 40.38
	 12.55	 38.94	 0.00	 -40	 10	 80	 120	 44.63
	 12.65	 38.99	 0.00	 -40	 10	 80	 120	 63.17
	 12.75	 39.19	 0.00	 -40	 10	 80	 120	 85.79
	 12.86	 39.56	 0.00	 -40	 10	 80	 120	 92.45
	 12.96	 39.98	 0.00	 -40	 10	 80	 120	 99.85
	 13.06	 40.46	 0.00	 -40	 10	 80	 120	 109.37
	 13.16	 41.00	 0.00	 -40	 10	 80	 120	 122.80
	 13.27	 41.64	 0.00	 -40	 10	 80	 120	 118.96
	 13.37	 42.24	 0.00	 -40	 10	 80	 120	 110.77
	 13.47	 42.77	 0.00	 -40	 10	 80	 120	 112.30
	 13.57	 43.30	 0.00	 -40	 10	 80	 120	 111.86
	 13.68	 43.82	 0.00	 -40	 10	 80	 120	 101.77
	 13.78	 44.25	 0.00	 -40	 10	 80	 120	 76.36
	 13.88	 44.49	 0.00	 -40	 10	 80	 120	 62.43
	 13.98	 44.63	 0.00	 -40	 10	 80	 120	 48.33
	 14.09	 44.65	 0.00	 -40	 10	 80	 120	 27.04
	 14.19	 44.52	 0.00	 -40	 10	 80	 120	 6.08
	 14.29	 44.25	 0.00	 -40	 10	 80	 120	 5.97
	 14.39	 43.97	 0.00	 -40	 10	 80	 120	 -18.37
	 14.49	 43.53	 0.00	 -40	 10	 80	 120	 -17.63
	 14.60	 43.09	 0.00	 -40	 10	 80	 120	 -36.14
	 14.70	 42.53	 0.00	 -40	 10	 80	 120	 -32.61
	 14.80	 42.01	 0.00	 -40	 10	 80	 120	 -48.94
	 14.90	 41.38	 0.00	 -40	 10	 80	 120	 -39.92
	 15.01	 40.82	 0.00	 -40	 10	 80	 120	 -42.56
	 15.11	 40.25	 0.00	 -40	 10	 80	 120	 -37.14
	 15.21	 39.72	 0.00	 -40	 10	 80	 120	 -13.94
	 15.31	 39.36	 0.00	 -40	 10	 80	 120	 -7.24
	 15.42	 39.04	 0.00	 -40	 10	 80	 120	 10.18
	 15.52	 38.85	 0.00	 -40	 10	 80	 120	 25.00
	 15.62	 38.76	 0.00	 -40	 10	 80	 120	 47.25
	 15.72	 38.82	 0.00	 -40	 10	 80	 120	 58.40
	 15.82	 38.94	 0.00	 -40	 10	 80	 120	 69.94
	 15.93	 39.14	 0.00	 -40	 10	 80	 120	 87.91
	 16.03	 39.46	 0.00	 -40	 10	 80	 120	 106.00
	 16.13	 39.89	 0.00	 -40	 10	 80	 120	 106.48
	 16.23	 40.31	 0.00	 -40	 10	 80	 120	 108.07
	 16.34	 40.74	 0.00	 -40	 10	 80	 120	 128.53
	 16.44	 41.29	 0.00	 -40	 10	 80	 120	 112.64
	 16.54	 41.74	 0.00	 -40	 10	 80	 120	 122.40
	 16.64	 42.24	 0.00	 -40	 10	 80	 120	 105.00
	 16.75	 42.62	 0.00	 -40	 10	 80	 120	 108.71
	 16.85	 43.03	 0.00	 -40	 10	 80	 120	 96.77
	 16.95	 43.36	 0.00	 -40	 10	 80	 120	 83.05
	 17.05	 43.60	 0.00	 -40	 10	 80	 120	 55.60
	 17.15	 43.67	 0.00	 -40	 10	 80	 120	 43.48
	 17.26	 43.67	 0.00	 -40	 10	 80	 120	 31.22
	 17.36	 43.60	 0.00	 -40	 10	 80	 120	 11.33
	 17.46	 43.40	 0.00	 -40	 10	 80	 120	 2.80
	 17.56	 43.17	 0.00	 -40	 10	 80	 120	 -12.06
	 17.67	 42.84	 0.00	 -40	 10	 80	 120	 -26.46
	 17.77	 42.44	 0.00	 -40	 10	 80	 120	 -36.10
	 17.87	 41.99	 0.00	 -40	 10	 80	 120	 -39.70
	 17.97	 41.52	 0.00	 -40	 10	 80	 120	 -39.98
	 18.08	 41.05	 0.00	 -40	 10	 80	 120	 -31.90
	 18.18	 40.64	 0.00	 -40	 10	 80	 120	 -34.59
	 18.28	 40.21	 0.00	 -40	 10	 80	 120	 -24.28
	 18.38	 39.85	 0.00	 -40	 10	 80	 120	 -8.18
	 18.49	 39.58	 0.00	 -40	 10	 80	 120	 5.90
	 18.59	 39.39	 0.00	 -40	 10	 80	 120	 6.90
	 18.69	 39.21	 0.00	 -40	 10	 80	 120	 30.81
	 18.79	 39.17	 0.00	 -40	 10	 80	 120	 53.10
	 18.89	 39.24	 0.00	 -40	 10	 80	 120	 67.25
	 19.00	 39.40	 0.00	 -40	 10	 80	 120	 74.28
	 19.10	 39.58	 0.00	 -40	 10	 80	 120	 95.84
	 19.20	 39.89	 0.00	 -40	 10	 80	 120	 105.11
	 19.30	 40.24	 0.00	 -40	 10	 80	 120	 117.76
	 19.41	 40.65	 0.00	 -40	 10	 80	 120	 124.48
	 19.51	 41.09	 0.00	 -40	 10	 80	 120	 122.91
	 19.61	 41.52	 0.00	 -40	 10	 80	 120	 117.00
	 19.71	 41.92	 0.00	 -40	 10	 80	 120	 123.81
	 19.82	 42.34	 0.00	 -40	 10	 80	 120	 105.52
	 19.92	 42.67	 0.00	 -40	 10	 80	 120	 99.32
	 20.02	 42.96	 0.00	 -40	 10	 80	 120	 75.82
	 20.12	 43.13	 0.00	 -40	 10	 80	 120	 72.32
	 20.23	 43.28	 0.00	 -40	 10	 80	 120	 56.69
	 20.33	 43.35	 0.00	 -40	 10	 80	 120	 43.62
	 20.43	 43.35	 0.00	 -40	 10	 80	 120	 26.28
	 20.53	 43.26	 0.00	 -40	 10	 80	 120	 11.85
	 20.63	 43.11	 0.00	 -40	 10	 80	 120	 -9.34
	 20.74	 42.85	 0.00	 -40	 10	 80	 120	 -18.43
	 20.84	 42.54	 0.00	 -40	 10	 80	 120	 -33.04
	 20.94	 42.17	 0.00	 -40	 10	 80	 120	 -29.85
	 21.04	 41.82	 0.00	 -40	 10	 80	 120	 -36.43
	 21.15	 41.44	 0.00	 -40	 10	 80	 120	 -47.70
	 21.25	 41.00	 0.00	 -40	 10	 80	 120	 -36.65
	 21.35	 40.63	 0.00	 -40	 10	 80	 120	 -33.42
	 21.45	 40.27	 0.00	 -40	 10	 80	 120	 -29.16
	 21.56	 39.94	 0.00	 -40	 10	 80	 120	 -0.45
	 21.66	 39.75	 0.00	 -40	 10	 80	 120	 9.46
	 21.76	 39.60	 0.00	 -40	 10	 80	 120	 16.72
	 21.86	 39.50	 0.00	 -40	 10	 80	 120	 25.66
	 21.96	 39.43	 0.00	 -40	 10	 80	 120	 55.09
	 22.07	 39.50	 0.00	 -40	 10	 80	 120	 68.86
	 22.17	 39.64	 0.00	 -40	 10	 80	 120	 89.61
	 22.27	 39.87	 0.00	 -40	 10	 80	 120	 103.44
	 22.37	 40.17	 0.00	 -40	 10	 80	 120	 108.98
	 22.48	 40.48	 0.00	 -40	 10	 80	 120	 110.84
	 22.58	 40.80	 0.00	 -40	 10	 80	 120	 124.54
	 22.68	 41.18	 0.00	 -40	 10	 80	 120	 127.99
	 22.78	 41.58	 0.00	 -40	 10	 80	 120	 111.09
	 22.89	 41.89	 0.00	 -40	 10	 80	 120	 116.95
	 22.99	 42.23	 0.00	 -40	 10	 80	 120	 104.69
	 23.09	 42.50	 0.00	 -40	 10	 80	 120	 96.82
	 23.19	 42.75	 0.00	 -40	 10	 80	 120	 82.57
	 23.30	 42.92	 0.00	 -40	 10	 80	 120	 65.76
	 23.40	 43.02	 0.00	 -40	 10	 80	 120	 43.89
	 23.50	 43.03	 0.00	 -40	 10	 80	 120	 39.44
	 23.60	 43.01	 0.00	 -40	 10	 80	 120	 14.42
	 23.70	 42.89	 0.00	 -40	 10	 80	 120	 4.20
	 23.81	 42.72	 0.00	 -40	 10	 80	 120	 -14.18
	 23.91	 42.47	 0.00	 -40	 10	 80	 120	 -28.57
	 24.01	 42.17	 0.00	 -40	 10	 80	 120	 -36.45
	 24.11	 41.83	 0.00	 -40	 10	 80	 120	 -41.26
	 24.22	 41.48	 0.00	 -40	 10	 80	 120	 -39.86
	 24.32	 41.13	 0.00	 -40	 10	 80	 120	 -43.13
	 24.42	 40.78	 0.00	 -40	 10	 80	 120	 -27.11
	 24.52	 40.49	 0.00	 -40	 10	 80	 120	 -35.89
	 24.63	 40.17	 0.00	 -40	 10	 80	 120	 -27.91
	 24.73	 39.89	 0.00	 -40	 10	 80	 120	 -8.53
	 24.83	 39.69	 0.00	 -40	 10	 80	 120	 0.88
	 24.93	 39.53	 0.00	 -40	 10	 80	 120	 19.46
	 25.03	 39.45	 0.00	 -40	 10	 80	 120	 46.84
	 25.14	 39.48	 0.00	 -40	 10	 80	 120	 61.03
	 25.24	 39.56	 0.00	 -40	 10	 80	 120	 67.51
	 25.34	 39.68	 0.00	 -40	 10	 80	 120	 92.78
	 25.44	 39.89	 0.00	 -40	 10	 80	 120	 103.85
	 25.55	 40.15	 0.00	 -40	 10	 80	 120	 113.69
	 25.65	 40.45	 0.00	 -40	 10	 80	 120	 113.57
	 25.75	 40.74	 0.00	 -40	 10	 80	 120	 125.32
	 25.85	 41.08	 0.00	 -40	 10	 80	 120	 124.77
	 25.96	 41.41	 0.00	 -40	 10	 80	 120	 107.89
	 26.06	 41.67	 0.00	 -40	 10	 80	 120	 100.75
	 26.16	 41.90	 0.00	 -40	 10	 80	 120	 103.71
	 26.26	 42.15	 0.00	 -40	 10	 80	 120	 94.12
	 26.36	 42.35	 0.00	 -40	 10	 80	 120	 83.31
	 26.47	 42.51	 0.00	 -40	 10	 80	 120	 64.11
	 26.57	 42.59	 0.00	 -40	 10	 80	 120	 50.88
	 26.67	 42.62	 0.00	 -40	 10	 80	 120	 26.60
	 26.77	 42.56	 0.00	 -40	 10	 80	 120	 8.80
	 26.88	 42.43	 0.00	 -40	 10	 80	 120	 2.99
	 26.98	 42.28	 0.00	 -40	 10	 80	 120	 -18.94
	 27.08	 42.05	 0.00	 -40	 10	 80	 120	 -23.67
	 27.18	 41.80	 0.00	 -40	 10	 80	 120	 -33.56
	 27.29	 41.52	 0.00	 -40	 10	 80	 120	 -37.41
	 27.39	 41.22	 0.00	 -40	 10	 80	 120	 -47.00
	 27.49	 40.89	 0.00	 -40	 10	 80	 120	 -48.24
	 27.59	 40.56	 0.00	 -40	 10	 80	 120	 -27.24
	 27.70	 40.30	 0.00	 -40	 10	 80	 120	 -20.20
	 27.80	 40.08	 0.00	 -40	 10	 80	 120	 -12.45
	 27.90	 39.89	 0.00	 -40	 10	 80	 120	 7.69
	 28.00	 39.77	 0.00	 -40	 10	 80	 120	 15.42
	 28.10	 39.68	 0.00	 -40	 10	 80	 120	 20.42
	 28.21	 39.61	 0.00	 -40	 10	 80	 120	 53.70
	 28.31	 39.66	 0.00	 -40	 10	 80	 120	 52.75
	 28.41	 39.71	 0.00	 -40	 10	 80	 120	 72.04
	 28.51	 39.82	 0.00	 -40	 10	 80	 120	 80.63
	 28.62	 39.97	 0.00	 -40	 10	 80	 120	 103.23
	 28.72	 40.20	 0.00	 -40	 10	 80	 120	 106.13
	 28.82	 40.43	 0.00	 -40	 10	 80	 120	 116.07
	 28.92	 40.70	 0.00	 -40	 10	 80	 120	 117.83
	 29.03	 40.98	 0.00	 -40	 10	 80	 120	 112.23
	 29.13	 41.23	 0.00	 -40	 10	 80	 120	 124.30
	 29.23	 41.52	 0.00	 -40	 10	 80	 120	 111.26
	 29.33	 41.76	 0.00	 -40	 10	 80	 120	 107.40
	 29.44	 41.99	 0.00	 -40	 10	 80	 120	 76.98
	 29.54	 42.12	 0.00	 -40	 10	 80	 120	 66.76
	 29.64	 42.20	 0.00	 -40	 10	 80	 120	 60.07
	 29.74	 42.26	 0.00	 -40	 10	 80	 120	 43.86
	 29.85	 42.27	 0.00	 -40	 10	 80	 120	 17.81
	 29.95	 42.19	 0.00	 -40	 10	 80	 120	 -0.87
	 30.05	 42.04	 0.00	 -40	 10	 80	 120	 -8.07
	 30.15	 41.87	 0.00	 -40	 10	 80	 120	 -21.48
	 30.25	 41.65	 0.00	 -40	 10	 80	 120	 -35.32
	 30.36	 41.39	 0.00	 -40	 10	 80	 120	 -37.34
	 30.46	 41.12	 0.00	 -40	 10	 80	 120	 -42.25
	 30.56	 40.84	 0.00	 -40	 10	 80	 120	 -40.82
	 30.66	 40.57	 0.00	 -40	 10	 80	 120	 -33.04
	 30.77	 40.32	 0.00	 -40	 10	 80	 120	 -36.07
	 30.87	 40.07	 0.00	 -40	 10	 80	 120	 -15.16
	 30.97	 39.89	 0.00	 -40	 10	 80	 120	 -3.54
	 31.07	 39.74	 0.00	 -40	 10	 80	 120	 -4.93
	 31.18	 39.59	 0.00	 -40	 10	 80	 120	 25.36
	 31.28	 39.55	 0.00	 -40	 10	 80	 120	 28.26
	 31.38	 39.51	 0.00	 -40	 10	 80	 120	 54.54
	 31.48	 39.56	 0.00	 -40	 10	 80	 120	 64.54
	 31.58	 39.64	 0.00	 -40	 10	 80	 120	 88.28
	 31.69	 39.80	 0.00	 -40	 10	 80	 120	 93.42
	 31.79	 39.97	 0.00	 -40	 10	 80	 120	 99.17
	 31.89	 40.16	 0.00	 -40	 10	 80	 120	 111.22
	 31.99	 40.39	 0.00	 -40	 10	 80	 120	 119.26
	 32.10	 40.64	 0.00	 -40	 10	 80	 120	 120.00
	 32.20	 40.90	 0.00	 -40	 10	 80	 120	 120.38
	 32.30	 41.15	 0.00	 -40	 10	 80	 120	 113.52
	 32.40	 41.38	 0.00	 -40	 10	 80	 120	 111.60
	 32.51	 41.60	 0.00	 -40	 10	 80	 120	 98.85
	 32.61	 41.78	 0.00	 -40	 10	 80	 120	 76.91
	 32.71	 41.89	 0.00	 -40	 10	 80	 120	 62.09
	 32.81	 41.96	 0.00	 -40	 10	 80	 120	 51.28
	 32.92	 41.99	 0.00	 -40	 10	 80	 120	 29.00
	 33.02	 41.95	 0.00	 -40	 10	 80	 120	 19.77
	 33.12	 41.88	 0.00	 -40	 10	 80	 120	 7.59
	 33.22	 41.77	 0.00	 -40	 10	 80	 120	 -10.21
	 33.33	 41.61	 0.00	 -40	 10	 80	 120	 -12.79
	 33.43	 41.44	 0.00	 -40	 10	 80	 120	 -28.73
	 33.53	 41.23	 0.00	 -40	 10	 80	 120	 -34.88
	 33.63	 41.00	 0.00	 -40	 10	 80	 120	 -37.77
	 33.73	 40.76	 0.00	 -40	 10	 80	 120	 -41.33
	 33.84	 40.51	 0.00	 -40	 10	 80	 120	 -32.59
	 33.94	 40.28	 0.00	 -40	 10	 80	 120	 -23.71
	 34.04	 40.09	 0.00	 -40	 10	 80	 120	 -9.87
	 34.14	 39.94	 0.00	 -40	 10	 80	 120	 0.32
	 34.25	 39.82	 0.00	 -40	 10	 80	 120	 -2.40
	 34.35	 39.69	 0.00	 -40	 10	 80	 120	 19.09
	 34.45	 39.63	 0.00	 -40	 10	 80	 120	 42.28
	 34.55	 39.64	 0.00	 -40	 10	 80	 120	 45.65
	 34.66	 39.66	 0.00	 -40	 10	 80	 120	 80.22
	 34.76	 39.78	 0.00	 -40	 10	 80	 120	 85.63
	 34.86	 39.91	 0.00	 -40	 10	 80	 120	 98.00
	 34.96	 40.09	 0.00	 -40	 10	 80	 120	 113.87
	 35.06	 40.30	 0.00	 -40	 10	 80	 120	 119.10
	 35.17	 40.53	 0.00	 -40	 10	 80	 120	 121.13
	 35.27	 40.77	 0.00	 -40	 10	 80	 120	 111.86
	 35.37	 40.97	 0.00	 -40	 10	 80	 120	 112.27
	 35.47	 41.18	 0.00	 -40	 10	 80	 120	 101.46
	 35.58	 41.35	 0.00	 -40	 10	 80	 120	 94.60
	 35.68	 41.51	 0.00	 -40	 10	 80	 120	 82.21
	 35.78	 41.62	 0.00	 -40	 10	 80	 120	 81.55
	 35.88	 41.74	 0.00	 -40	 10	 80	 120	 55.46
	 35.99	 41.78	 0.00	 -40	 10	 80	 120	 49.44
	 36.09	 41.80	 0.00	 -40	 10	 80	 120	 23.00
	 36.19	 41.75	 0.00	 -40	 10	 80	 120	 12.12
	 36.29	 41.66	 0.00	 -40	 10	 80	 120	 -0.81
	 36.40	 41.54	 0.00	 -40	 10	 80	 120	 -13.91
	 36.50	 41.39	 0.00	 -40	 10	 80	 120	 -23.76
	 36.60	 41.20	 0.00	 -40	 10	 80	 120	 -26.00
	 36.70	 41.02	 0.00	 -40	 10	 80	 120	 -44.12
	 36.81	 40.78	 0.00	 -40	 10	 80	 120	 -43.99
	 36.91	 40.54	 0.00	 -40	 10	 80	 120	 -46.52
	 37.01	 40.30	 0.00	 -40	 10	 80	 120	 -28.79
	 37.11	 40.11	 0.00	 -40	 10	 80	 120	 -23.00
	 37.21	 39.93	 0.00	 -40	 10	 80	 120	 -24.47
	 37.32	 39.76	 0.00	 -40	 10	 80	 120	 -9.51
	 37.42	 39.62	 0.00	 -40	 10	 80	 120	 3.10
	 37.52	 39.52	 0.00	 -40	 10	 80	 120	 18.87
	 37.62	 39.46	 0.00	 -40	 10	 80	 120	 50.30
	 37.73	 39.49	 0.00	 -40	 10	 80	 120	 64.39
	 37.83	 39.56	 0.00	 -40	 10	 80	 120	 71.79
	 37.93	 39.65	 0.00	 -40	 10	 80	 120	 91.54
	 38.03	 39.79	 0.00	 -40	 10	 80	 120	 98.24
	 38.13	 39.95	 0.00	 -40	 10	 80	 120	 114.47
	 38.24	 40.15	 0.00	 -40	 10	 80	 120	 119.68
	 38.34	 40.36	 0.00	 -40	 10	 80	 120	 124.72
	 38.44	 40.59	 0.00	 -40	 10	 80	 120	 124.42
	 38.54	 40.81	 0.00	 -40	 10	 80	 120	 114.81
	 38.65	 41.01	 0.00	 -40	 10	 80	 120	 109.98
	 38.75	 41.19	 0.00	 -40	 10	 80	 120	 89.35
	 38.85	 41.32	 0.00	 -40	 10	 80	 120	 77.12
	 38.96	 41.41	 0.00	 -40	 10	 80	 120	 70.05
	 39.06	 41.49	 0.00	 -40	 10	 80	 120	 52.60
	 39.16	 41.52	 0.00	 -40	 10	 80	 120	 50.42
	 39.26	 41.54	 0.00	 -40	 10	 80	 120	 24.19
	 39.36	 41.49	 0.00	 -40	 10	 80	 120	 16.57
	 39.47	 41.43	 0.00	 -40	 10	 80	 120	 -6.92
	 39.57	 41.30	 0.00	 -40	 10	 80	 120	 -13.40
	 39.67	 41.16	 0.00	 -40	 10	 80	 120	 -18.58
	 39.77	 41.01	 0.00	 -40	 10	 80	 120	 -39.85
	 39.88	 40.80	 0.00	 -40	 10	 80	 120	 -46.02
	 39.98	 40.58	 0.00	 -40	 10	 80	 120	 -39.90
	 40.08	 40.37	 0.00	 -40	 10	 80	 120	 -34.45
	 40.18	 40.18	 0.00	 -40	 10	 80	 120	 -24.71
	 40.29	 40.01	 0.00	 -40	 10	 80	 120	 -22.03
	 40.39	 39.85	 0.00	 -40	 10	 80	 120	 -16.75
	 40.49	 39.71	 0.00	 -40	 10	 80	 120	 9.83
	 40.59	 39.64	 0.00	 -40	 10	 80	 120	 8.86
	 40.69	 39.56	 0.00	 -40	 10	 80	 120	 40.02
	 40.80	 39.56	 0.00	 -40	 10	 80	 120	 42.15
	 40.90	 39.57	 0.00	 -40	 10	 80	 120	 59.06
	 41.00	 39.61	 0.00	 -40	 10	 80	 120	 81.07
	 41.10	 39.72	 0.00	 -40	 10	 80	 120	 98.27
	 41.21	 39.86	 0.00	 -40	 10	 80	 120	 104.35
	 41.31	 40.02	 0.00	 -40	 10	 80	 120	 114.64
	 41.41	 40.21	 0.00	 -40	 10	 80	 120	 120.93
	 41.51	 40.41	 0.00	 -40	 10	 80	 120	 125.98
	 41.62	 40.62	 0.00	 -40	 10	 80	 120	 119.68
	 41.72	 40.82	 0.00	 -40	 10	 80	 120	 106.06
	 41.82	 40.98	 0.00	 -40	 10	 80	 120	 110.40
	 41.92	 41.15	 0.00	 -40	 10	 80	 120	 104.98
	 42.02	 41.30	 0.00	 -40	 10	 80	 120	 85.10
	 42.13	 41.41	 0.00	 -40	 10	 80	 120	 62.56
	 42.23	 41.46	 0.00	 -40	 10	 80	 120	 43.67
	 42.33	 41.47	 0.00	 -40	 10	 80	 120	 27.40
	 42.43	 41.43	 0.00	 -40	 10	 80	 120	 17.29
	 42.54	 41.37	 0.00	 -40	 10	 80	 120	 -3.16
	 42.64	 41.27	 0.00	 -40	 10	 80	 120	 -10.99
	 42.74	 41.14	 0.00	 -40	 10	 80	 120	 -29.89
	 42.84	 40.97	 0.00	 -40	 10	 80	 120	 -27.14
	 42.95	 40.81	 0.00	 -40	 10	 80	 120	 -43.48
	 43.05	 40.61	 0.00	 -40	 10	 80	 120	 -43.65
	 43.15	 40.41	 0.00	 -40	 10	 80	 120	 -36.51
	 43.25	 40.22	 0.00	 -40	 10	 80	 120	 -40.03
	 43.36	 40.03	 0.00	 -40	 10	 80	 120	 -34.42
	 43.46	 39.86	 0.00	 -40	 10	 80	 120	 -12.92
	 43.56	 39.73	 0.00	 -40	 10	 80	 120	 -3.81
	 43.66	 39.63	 0.00	 -40	 10	 80	 120	 9.17
	 43.76	 39.56	 0.00	 -40	 10	 80	 120	 28.72
	 43.87	 39.53	 0.00	 -40	 10	 80	 120	 46.87
	 43.97	 39.55	 0.00	 -40	 10	 80	 120	 63.12
	 44.07	 39.60	 0.00	 -40	 10	 80	 120	 76.93
	 44.17	 39.69	 0.00	 -40	 10	 80	 120	 92.34
	 44.28	 39.81	 0.00	 -40	 10	 80	 120	 87.02
	 44.38	 39.92	 0.00	 -40	 10	 80	 120	 112.21
	 44.48	 40.09	 0.00	 -40	 10	 80	 120	 119.60
	 44.58	 40.27	 0.00	 -40	 10	 80	 120	 116.93
	 44.69	 40.45	 0.00	 -40	 10	 80	 120	 125.93
	 44.79	 40.65	 0.00	 -40	 10	 80	 120	 108.58
	 44.89	 40.80	 0.00	 -40	 10	 80	 120	 103.01
	 44.99	 40.94	 0.00	 -40	 10	 80	 120	 98.46
	 45.10	 41.07	 0.00	 -40	 10	 80	 120	 86.28
	 45.20	 41.18	 0.00	 -40	 10	 80	 120	 79.93
	 45.30	 41.26	 0.00	 -40	 10	 80	 120	 71.81
	 45.40	 41.33	 0.00	 -40	 10	 80	 120	 38.84
	 45.50	 41.33	 0.00	 -40	 10	 80	 120	 31.55
	 45.61	 41.31	 0.00	 -40	 10	 80	 120	 24.46
	 45.71	 41.27	 0.00	 -40	 10	 80	 120	 2.54
	 45.81	 41.18	 0.00	 -40	 10	 80	 120	 -18.86
	 45.91	 41.05	 0.00	 -40	 10	 80	 120	 -20.93
	 46.02	 40.91	 0.00	 -40	 10	 80	 120	 -40.35
	 46.12	 40.73	 0.00	 -40	 10	 80	 120	 -46.80
	 46.22	 40.53	 0.00	 -40	 10	 80	 120	 -32.96
	 46.32	 40.37	 0.00	 -40	 10	 80	 120	 -44.78
	 46.43	 40.18	 0.00	 -40	 10	 80	 120	 -44.32
	 46.53	 40.00	 0.00	 -40	 10	 80	 120	 -32.78
	 46.63	 39.83	 0.00	 -40	 10	 80	 120	 -15.36
	 46.73	 39.71	 0.00	 -40	 10	 80	 120	 -9.69
	 46.84	 39.61	 0.00	 -40	 10	 80	 120	 19.79
	 46.94	 39.56	 0.00	 -40	 10	 80	 120	 25.48
	 47.04	 39.53	 0.00	 -40	 10	 80	 120	 49.74
	 47.14	 39.55	 0.00	 -40	 10	 80	 120	 55.03
	 47.24	 39.59	 0.00	 -40	 10	 80	 120	 70.38
	 47.35	 39.65	 0.00	 -40	 10	 80	 120	 89.43
	 47.45	 39.76	 0.00	 -40	 10	 80	 120	 91.32
	 47.55	 39.87	 0.00	 -40	 10	 80	 120	 103.72
	 47.65	 40.01	 0.00	 -40	 10	 80	 120	 115.27
	 47.76	 40.17	 0.00	 -40	 10	 80	 120	 112.58
	 47.86	 40.33	 0.00	 -40	 10	 80	 120	 114.57
	 47.96	 40.49	 0.00	 -40	 10	 80	 120	 114.25
	 48.06	 40.64	 0.00	 -40	 10	 80	 120	 106.76
	 48.17	 40.79	 0.00	 -40	 10	 80	 120	 99.28
	 48.27	 40.91	 0.00	 -40	 10	 80	 120	 97.38
	 48.37	 41.03	 0.00	 -40	 10	 80	 120	 79.32
	 48.47	 41.11	 0.00	 -40	 10	 80	 120	 55.97
	 48.58	 41.14	 0.00	 -40	 10	 80	 120	 38.83
	 48.68	 41.14	 0.00	 -40	 10	 80	 120	 29.42
	 48.78	 41.11	 0.00	 -40	 10	 80	 120	 9.73
	 48.88	 41.05	 0.00	 -40	 10	 80	 120	 -13.75
	 48.98	 40.93	 0.00	 -40	 10	 80	 120	 -11.41
	 49.09	 40.82	 0.00	 -40	 10	 80	 120	 -26.73
	 49.19	 40.68	 0.00	 -40	 10	 80	 120	 -34.35
	 49.29	 40.52	 0.00	 -40	 10	 80	 120	 -36.79
	 49.39	 40.36	 0.00	 -40	 10	 80	 120	 -44.96
	 49.50	 40.19	 0.00	 -40	 10	 80	 120	 -36.79
	 49.60	 40.03	 0.00	 -40	 10	 80	 120	 -35.39
	 49.70	 39.87	 0.00	 -40	 10	 80	 120	 -22.89
	 49.80	 39.74	 0.00	 -40	 10	 80	 120	 -19.81
	 49.90	 39.62	 0.00	 -40	 10	 80	 120	 -7.40
	 50.01	 39.52	 0.00	 -40	 10	 80	 120	 24.52
	 50.11	 39.49	 0.00	 -40	 10	 80	 120	 34.46
	 50.21	 39.48	 0.00	 -40	 10	 80	 120	 53.91
	 50.31	 39.51	 0.00	 -40	 10	 80	 120	 60.87
	 50.42	 39.56	 0.00	 -40	 10	 80	 120	 78.99
	 50.52	 39.64	 0.00	 -40	 10	 80	 120	 89.33
	 50.62	 39.74	 0.00	 -40	 10	 80	 120	 108.41
	 50.72	 39.88	 0.00	 -40	 10	 80	 120	 110.04
	 50.83	 40.02	 0.00	 -40	 10	 80	 120	 111.60
	 50.93	 40.16	 0.00	 -40	 10	 80	 120	 122.94
	 51.03	 40.33	 0.00	 -40	 10	 80	 120	 113.92
	 51.13	 40.48	 0.00	 -40	 10	 80	 120	 106.64
	 51.24	 40.61	 0.00	 -40	 10	 80	 120	 112.17
	 51.34	 40.75	 0.00	 -40	 10	 80	 120	 87.97

