Fisica Aplicada Computação | 2018-19
#Duration (us)	Distance (cm)	Suavização duration (us)	Suavização distance (cm)	Media duration (us)	Media distance (cm)
	0.00	0.00	317	5.39
	0.00	0.00	0.00	0.00	323	5.49
	0.00	0.00	0.00	0.00	293	4.98
	0.00	0.00	0.00	0.00	299	5.09
	0.00	0.00	0.00	0.00	293	4.98
	0.00	0.00	0.00	0.00	299	5.09
	0.00	0.00	0.00	0.00	293	4.98
	0.00	0.00	0.00	0.00	299	5.09
	0.00	0.00	0.00	0.00	317	5.39
	0.00	0.00	0.00	0.00	323	5.49
	0.00	0.00	0.00	0.00	317	5.39
	0.00	0.00	0.00	0.00	296	5.03
	0.00	0.00	0.00	0.00	290	4.93
	0.00	0.00	0.00	0.00	296	5.03
	0.00	0.00	0.00	0.00	290	4.93
	0.00	0.00	0.00	0.00	296	5.03
	0.00	0.00	0.00	0.00	296	5.03
	0.00	0.00	0.00	0.00	296	5.03
	0.00	0.00	0.00	0.00	296	5.03
	0.00	0.00	0.00	0.00	296	5.03
	0.00	0.00	0.00	0.00	296	5.03
	0.00	0.00	0.00	0.00	296	5.03
	0.00	0.00	0.00	0.00	320	5.44
	0.00	0.00	0.00	0.00	321	5.46
	0.00	0.00	0.00	0.00	321	5.46
	0.00	0.00	0.00	0.00	293	4.98
	0.00	0.00	0.00	0.00	293	4.98
	0.00	0.00	0.00	0.00	293	4.98
	0.00	0.00	0.00	0.00	293	4.98
	0.00	0.00	0.00	0.00	287	4.88
	0.00	0.00	0.00	0.00	293	4.98
	0.00	0.00	0.00	0.00	287	4.88
	0.00	0.00	0.00	0.00	293	4.98
	0.00	0.00	0.00	0.00	287	4.88
	0.00	0.00	0.00	0.00	293	4.98
	0.00	0.00	0.00	0.00	287	4.88
	0.00	0.00	0.00	0.00	293	4.98
	0.00	0.00	0.00	0.00	287	4.88
	0.00	0.00	0.00	0.00	293	4.98
	0.00	0.00	0.00	0.00	287	4.88
	0.00	0.00	0.00	0.00	293	4.98
	0.00	0.00	0.00	0.00	287	4.88
	0.00	0.00	0.00	0.00	293	4.98
	0.00	0.00	0.00	0.00	287	4.88
	0.00	0.00	0.00	0.00	293	4.98
	0.00	0.00	0.00	0.00	287	4.88
	0.00	0.00	0.00	0.00	320	5.44
	0.00	0.00	0.00	0.00	314	5.34
	0.00	0.00	0.00	0.00	320	5.44
	0.00	0.00	0.00	0.00	320	5.44
	0.00	0.00	0.00	0.00	296	5.03
	0.00	0.00	0.00	0.00	296	5.03
	0.00	0.00	0.00	0.00	299	5.09
	0.00	0.00	0.00	0.00	326	5.54
	0.00	0.00	0.00	0.00	329	5.60
	0.00	0.00	0.00	0.00	308	5.24
	0.00	0.00	0.00	0.00	290	4.93
	0.00	0.00	0.00	0.00	320	5.44
	0.00	0.00	0.00	0.00	326	5.54
	0.00	0.00	0.00	0.00	359	6.11
	0.00	0.00	0.00	0.00	335	5.70
	0.00	0.00	0.00	0.00	347	5.90
	0.00	0.00	0.00	0.00	374	6.36
	0.00	0.00	0.00	0.00	387	6.58
	0.00	0.00	0.00	0.00	386	6.56
	0.00	0.00	0.00	0.00	450	7.65
	0.00	0.00	0.00	0.00	425	7.23
	0.00	0.00	0.00	0.00	464	7.89
	0.00	0.00	0.00	0.00	464	7.89
	0.00	0.00	0.00	0.00	480	8.16
	0.00	0.00	0.00	0.00	455	7.74
	0.00	0.00	0.00	0.00	440	7.48
	0.00	0.00	0.00	0.00	467	7.94
	0.00	0.00	0.00	0.00	432	7.35
	0.00	0.00	0.00	0.00	431	7.33
	0.00	0.00	0.00	0.00	444	7.55
	0.00	0.00	0.00	0.00	471	8.01
	0.00	0.00	0.00	0.00	459	7.81
	0.00	0.00	0.00	0.00	458	7.79
	0.00	0.00	0.00	0.00	498	8.47
	0.00	0.00	0.00	0.00	500	8.50
	0.00	0.00	0.00	0.00	488	8.30
	0.00	0.00	0.00	0.00	512	8.71
	0.00	0.00	0.00	0.00	524	8.91
	0.00	0.00	0.00	0.00	500	8.50
	0.00	0.00	0.00	0.00	513	8.72
	0.00	0.00	0.00	0.00	561	9.54
	0.00	0.00	0.00	0.00	573	9.74
	0.00	0.00	0.00	0.00	549	9.34
	0.00	0.00	0.00	0.00	534	9.08
	0.00	0.00	0.00	0.00	558	9.49
	0.00	0.00	0.00	0.00	570	9.69
	0.00	0.00	0.00	0.00	570	9.69
	0.00	0.00	0.00	0.00	576	9.80
	0.00	0.00	0.00	0.00	554	9.42
	0.00	0.00	0.00	0.00	585	9.95
	0.00	0.00	0.00	0.00	591	10.05
	0.00	0.00	0.00	0.00	597	10.15
	0.00	0.00	0.00	0.00	577	9.81
	0.00	0.00	0.00	0.00	633	10.77
	0.00	0.00	0.00	0.00	615	10.46
	0.00	0.00	0.00	0.00	620	10.54
	0.00	0.00	0.00	0.00	627	10.66
	0.00	0.00	0.00	0.00	656	11.16
	0.00	0.00	0.00	0.00	660	11.22
	0.00	0.00	0.00	0.00	663	11.28
	0.00	0.00	0.00	0.00	666	11.33
	0.00	0.00	0.00	0.00	645	10.97
	0.00	0.00	0.00	0.00	648	11.02
	0.00	0.00	0.00	0.00	675	11.48
	0.00	0.00	0.00	0.00	702	11.94
	0.00	0.00	0.00	0.00	678	11.53
	0.00	0.00	0.00	0.00	705	11.99
	0.00	0.00	0.00	0.00	681	11.58
	0.00	0.00	0.00	0.00	681	11.58
	0.00	0.00	0.00	0.00	708	12.04
	0.00	0.00	0.00	0.00	684	11.63
	0.00	0.00	0.00	0.00	684	11.63
	0.00	0.00	0.00	0.00	687	11.68
	0.00	0.00	0.00	0.00	714	12.14
	0.00	0.00	0.00	0.00	741	12.60
	0.00	0.00	0.00	0.00	744	12.65
	0.00	0.00	0.00	0.00	696	11.84
	0.00	0.00	0.00	0.00	723	12.30
	0.00	0.00	0.00	0.00	726	12.35
	0.00	0.00	0.00	0.00	729	12.40
	0.00	0.00	0.00	0.00	732	12.45
	0.00	0.00	0.00	0.00	735	12.50
	0.00	0.00	0.00	0.00	738	12.55
	0.00	0.00	0.00	0.00	714	12.14
	0.00	0.00	0.00	0.00	717	12.19
	0.00	0.00	0.00	0.00	717	12.19
	0.00	0.00	0.00	0.00	720	12.24
	0.00	0.00	0.00	0.00	720	12.24
	0.00	0.00	0.00	0.00	723	12.30
	0.00	0.00	0.00	0.00	723	12.30
	0.00	0.00	0.00	0.00	723	12.30
	0.00	0.00	0.00	0.00	723	12.30
	0.00	0.00	0.00	0.00	696	11.84
	0.00	0.00	0.00	0.00	720	12.24
	0.00	0.00	0.00	0.00	720	12.24
	0.00	0.00	0.00	0.00	720	12.24
	0.00	0.00	0.00	0.00	720	12.24
	0.00	0.00	0.00	0.00	720	12.24
	0.00	0.00	0.00	0.00	696	11.84
	0.00	0.00	0.00	0.00	747	12.70
	0.00	0.00	0.00	0.00	723	12.30
	0.00	0.00	0.00	0.00	750	12.76
	0.00	0.00	0.00	0.00	726	12.35
	0.00	0.00	0.00	0.00	729	12.40
	0.00	0.00	0.00	0.00	759	12.91
	0.00	0.00	0.00	0.00	762	12.96
	0.00	0.00	0.00	0.00	765	13.01
	0.00	0.00	0.00	0.00	768	13.06
	0.00	0.00	0.00	0.00	771	13.11
	0.00	0.00	0.00	0.00	774	13.16
	0.00	0.00	0.00	0.00	753	12.81
	0.00	0.00	0.00	0.00	756	12.86
	0.00	0.00	0.00	0.00	810	13.78
	0.00	0.00	0.00	0.00	789	13.42
	0.00	0.00	0.00	0.00	792	13.47
	0.00	0.00	0.00	0.00	816	13.88
	0.00	0.00	0.00	0.00	771	13.11
	0.00	0.00	0.00	0.00	818	13.91
	0.00	0.00	0.00	0.00	804	13.67
	0.00	0.00	0.00	0.00	783	13.32
	0.00	0.00	0.00	0.00	786	13.37
	0.00	0.00	0.00	0.00	833	14.17
	0.00	0.00	0.00	0.00	792	13.47
	0.00	0.00	0.00	0.00	795	13.52
	0.00	0.00	0.00	0.00	820	13.95
	0.00	0.00	0.00	0.00	818	13.91
	0.00	0.00	0.00	0.00	821	13.96
	0.00	0.00	0.00	0.00	807	13.72
	0.00	0.00	0.00	0.00	810	13.78
	0.00	0.00	0.00	0.00	813	13.83
	0.00	0.00	0.00	0.00	835	14.20
	0.00	0.00	0.00	0.00	838	14.25
	0.00	0.00	0.00	0.00	841	14.30
	0.00	0.00	0.00	0.00	844	14.35
	0.00	0.00	0.00	0.00	820	13.95
	0.00	0.00	0.00	0.00	850	14.46
	0.00	0.00	0.00	0.00	853	14.51
	0.00	0.00	0.00	0.00	832	14.15
	0.00	0.00	0.00	0.00	859	14.61
	0.00	0.00	0.00	0.00	890	15.14
	0.00	0.00	0.00	0.00	893	15.19
	0.00	0.00	0.00	0.00	872	14.83
	0.00	0.00	0.00	0.00	875	14.88
	0.00	0.00	0.00	0.00	929	15.80
	0.00	0.00	0.00	0.00	907	15.43
	0.00	0.00	0.00	0.00	911	15.49
	0.00	0.00	0.00	0.00	890	15.14
	0.00	0.00	0.00	0.00	944	16.05
	0.00	0.00	0.00	0.00	899	15.29
	0.00	0.00	0.00	0.00	902	15.34
	0.00	0.00	0.00	0.00	905	15.39
	0.00	0.00	0.00	0.00	959	16.31
	0.00	0.00	0.00	0.00	962	16.36
	0.00	0.00	0.00	0.00	964	16.39
	0.00	0.00	0.00	0.00	992	16.87
	0.00	0.00	0.00	0.00	944	16.05
	0.00	0.00	0.00	0.00	947	16.11
	0.00	0.00	0.00	0.00	923	15.70
	0.00	0.00	0.00	0.00	974	16.56
	0.00	0.00	0.00	0.00	925	15.73
	0.00	0.00	0.00	0.00	953	16.21
	0.00	0.00	0.00	0.00	929	15.80
	0.00	0.00	0.00	0.00	932	15.85
	0.00	0.00	0.00	0.00	986	16.77
	0.00	0.00	0.00	0.00	965	16.41
	0.00	0.00	0.00	0.00	968	16.46
	0.00	0.00	0.00	0.00	944	16.05
	0.00	0.00	0.00	0.00	946	16.09
	0.00	0.00	0.00	0.00	923	15.70
	0.00	0.00	0.00	0.00	950	16.16
	0.00	0.00	0.00	0.00	952	16.19
	0.00	0.00	0.00	0.00	956	16.26
	0.00	0.00	0.00	0.00	934	15.88
	0.00	0.00	0.00	0.00	938	15.95
	0.00	0.00	0.00	0.00	941	16.00
	0.00	0.00	0.00	0.00	944	16.05
	0.00	0.00	0.00	0.00	947	16.11
	0.00	0.00	0.00	0.00	950	16.16
	0.00	0.00	0.00	0.00	929	15.80
	0.00	0.00	0.00	0.00	931	15.83
	0.00	0.00	0.00	0.00	959	16.31
	0.00	0.00	0.00	0.00	989	16.82
	0.00	0.00	0.00	0.00	965	16.41
	0.00	0.00	0.00	0.00	968	16.46
	0.00	0.00	0.00	0.00	971	16.51
	0.00	0.00	0.00	0.00	973	16.55
	0.00	0.00	0.00	0.00	976	16.60
	0.00	0.00	0.00	0.00	980	16.67
	0.00	0.00	0.00	0.00	983	16.72
	0.00	0.00	0.00	0.00	986	16.77
	0.00	0.00	0.00	0.00	989	16.82
	0.00	0.00	0.00	0.00	1019	17.33
	0.00	0.00	0.00	0.00	998	16.97
	0.00	0.00	0.00	0.00	1001	17.02
	0.00	0.00	0.00	0.00	1004	17.07
	0.00	0.00	0.00	0.00	1031	17.53
	0.00	0.00	0.00	0.00	983	16.72
	0.00	0.00	0.00	0.00	1010	17.18
	0.00	0.00	0.00	0.00	1010	17.18
	0.00	0.00	0.00	0.00	1013	17.23
	0.00	0.00	0.00	0.00	1040	17.69
	0.00	0.00	0.00	0.00	1015	17.26
	0.00	0.00	0.00	0.00	1019	17.33
	0.00	0.00	0.00	0.00	1022	17.38
	0.00	0.00	0.00	0.00	1025	17.43
	0.00	0.00	0.00	0.00	1028	17.48
	0.00	0.00	0.00	0.00	1082	18.40
	0.00	0.00	0.00	0.00	1085	18.45
	0.00	0.00	0.00	0.00	1064	18.10
	0.00	0.00	0.00	0.00	1091	18.55
	0.00	0.00	0.00	0.00	1142	19.42
	0.00	0.00	0.00	0.00	1124	19.12
	0.00	0.00	0.00	0.00	1103	18.76
	0.00	0.00	0.00	0.00	1130	19.22
	0.00	0.00	0.00	0.00	1082	18.40
	0.00	0.00	0.00	0.00	1058	17.99
	0.00	0.00	0.00	0.00	1058	17.99
	0.00	0.00	0.00	0.00	1085	18.45
	0.00	0.00	0.00	0.00	1079	18.35
	0.00	0.00	0.00	0.00	1061	18.04
	0.00	0.00	0.00	0.00	1085	18.45
	0.00	0.00	0.00	0.00	1085	18.45
	0.00	0.00	0.00	0.00	1109	18.86
	0.00	0.00	0.00	0.00	1109	18.86
	0.00	0.00	0.00	0.00	1058	17.99
	0.00	0.00	0.00	0.00	1058	17.99
	0.00	0.00	0.00	0.00	1058	17.99
	0.00	0.00	0.00	0.00	1082	18.40
	0.00	0.00	0.00	0.00	1133	19.27
	0.00	0.00	0.00	0.00	1133	19.27
	0.00	0.00	0.00	0.00	1133	19.27
	0.00	0.00	0.00	0.00	1184	20.14
	0.00	0.00	0.00	0.00	1184	20.14
	0.00	0.00	0.00	0.00	1185	20.15
	0.00	0.00	0.00	0.00	1133	19.27
	0.00	0.00	0.00	0.00	1109	18.86
	0.00	0.00	0.00	0.00	1085	18.45
	0.00	0.00	0.00	0.00	1085	18.45
	0.00	0.00	0.00	0.00	1085	18.45
	0.00	0.00	0.00	0.00	1112	18.91
	0.00	0.00	0.00	0.00	1136	19.32
	0.00	0.00	0.00	0.00	9899	168.35
	0.00	0.00	0.00	0.00	11108	188.91
	0.00	0.00	0.00	0.00	11136	189.39
	0.00	0.00	0.00	0.00	11084	188.50
	0.00	0.00	0.00	0.00	11084	188.50
	0.00	0.00	0.00	0.00	11067	188.21
	0.00	0.00	0.00	0.00	11138	189.42
	0.00	0.00	0.00	0.00	11138	189.42
	0.00	0.00	0.00	0.00	11068	188.23
	0.00	0.00	0.00	0.00	11112	188.98
	0.00	0.00	0.00	0.00	11068	188.23
	0.00	0.00	0.00	0.00	11137	189.40
	0.00	0.00	0.00	0.00	11068	188.23
	0.00	0.00	0.00	0.00	11067	188.21
	0.00	0.00	0.00	0.00	11086	188.54
	0.00	0.00	0.00	0.00	11042	187.79
	0.00	0.00	0.00	0.00	11087	188.55
	0.00	0.00	0.00	0.00	9873	167.91
	0.00	0.00	0.00	0.00	9918	168.67
	0.00	0.00	0.00	0.00	11087	188.55
	0.00	0.00	0.00	0.00	11087	188.55
	0.00	0.00	0.00	0.00	11189	190.29
	0.00	0.00	0.00	0.00	11086	188.54
	0.00	0.00	0.00	0.00	9194	156.36
	0.00	0.00	0.00	0.00	11114	189.01
	0.00	0.00	0.00	0.00	11088	188.57
	0.00	0.00	0.00	0.00	11114	189.01
	0.00	0.00	0.00	0.00	11044	187.82
	0.00	0.00	0.00	0.00	11139	189.44
	0.00	0.00	0.00	0.00	11068	188.23
	0.00	0.00	0.00	0.00	11075	188.35
	0.00	0.00	0.00	0.00	11068	188.23
	0.00	0.00	0.00	0.00	11214	190.71
	0.00	0.00	0.00	0.00	11067	188.21
	0.00	0.00	0.00	0.00	11068	188.23
	0.00	0.00	0.00	0.00	11068	188.23
	0.00	0.00	0.00	0.00	11068	188.23
	0.00	0.00	0.00	0.00	11087	188.55
	0.00	0.00	0.00	0.00	11087	188.55
	0.00	0.00	0.00	0.00	11087	188.55
	0.00	0.00	0.00	0.00	11068	188.23
	0.00	0.00	0.00	0.00	11138	189.42
	0.00	0.00	0.00	0.00	11087	188.55
	0.00	0.00	0.00	0.00	11067	188.21
	0.00	0.00	0.00	0.00	11086	188.54
	0.00	0.00	0.00	0.00	11067	188.21
	0.00	0.00	0.00	0.00	11114	189.01
	0.00	0.00	0.00	0.00	11068	188.23
	0.00	0.00	0.00	0.00	11087	188.55
	0.00	0.00	0.00	0.00	11087	188.55
	0.00	0.00	0.00	0.00	11070	188.27
	0.00	0.00	0.00	0.00	11071	188.28
	0.00	0.00	0.00	0.00	11046	187.86
	0.00	0.00	0.00	0.00	11114	189.01
	0.00	0.00	0.00	0.00	11070	188.27
	0.00	0.00	0.00	0.00	11069	188.25
	0.00	0.00	0.00	0.00	11113	189.00
	0.00	0.00	0.00	0.00	11070	188.27
	0.00	0.00	0.00	0.00	11113	189.00
	0.00	0.00	0.00	0.00	11069	188.25
	0.00	0.00	0.00	0.00	11067	188.21
	0.00	0.00	0.00	0.00	11067	188.21
	0.00	0.00	0.00	0.00	11088	188.57
	0.00	0.00	0.00	0.00	11070	188.27
	0.00	0.00	0.00	0.00	11069	188.25
	0.00	0.00	0.00	0.00	11070	188.27
	0.00	0.00	0.00	0.00	11113	189.00
	0.00	0.00	0.00	0.00	11113	189.00
	0.00	0.00	0.00	0.00	11070	188.27
	0.00	0.00	0.00	0.00	9922	168.74
	0.00	0.00	0.00	0.00	11069	188.25
	0.00	0.00	0.00	0.00	11044	187.82
	0.00	0.00	0.00	0.00	11090	188.61
	0.00	0.00	0.00	0.00	11114	189.01
	0.00	0.00	0.00	0.00	11044	187.82
	0.00	0.00	0.00	0.00	8621	146.62
	0.00	0.00	0.00	0.00	9341	158.86
	0.00	0.00	0.00	0.00	9698	164.93
	0.00	0.00	0.00	0.00	11070	188.27
	0.00	0.00	0.00	0.00	11115	189.03
	0.00	0.00	0.00	0.00	11089	188.59
	0.00	0.00	0.00	0.00	11141	189.47
	0.00	0.00	0.00	0.00	9633	163.83
	0.00	0.00	0.00	0.00	9555	162.50
	0.00	0.00	0.00	0.00	9750	165.82
	0.00	0.00	0.00	0.00	11161	189.81
	0.00	0.00	0.00	0.00	9997	170.02
	0.00	0.00	0.00	0.00	1160	19.73
	0.00	0.00	0.00	0.00	9676	164.56
	0.00	0.00	0.00	0.00	9657	164.23
	0.00	0.00	0.00	0.00	9602	163.30
	0.00	0.00	0.00	0.00	9708	165.10
	0.00	0.00	0.00	0.00	11209	190.63
	0.00	0.00	0.00	0.00	11159	189.78
	0.00	0.00	0.00	0.00	1103	18.76
	0.00	0.00	0.00	0.00	1091	18.55
	0.00	0.00	0.00	0.00	1152	19.59
	0.00	0.00	0.00	0.00	9924	168.78
	0.00	0.00	0.00	0.00	9951	169.23
	0.00	0.00	0.00	0.00	10000	170.07
	0.00	0.00	0.00	0.00	10065	171.17
	0.00	0.00	0.00	0.00	9996	170.00
	0.00	0.00	0.00	0.00	10024	170.48
	0.00	0.00	0.00	0.00	1232	20.95
	0.00	0.00	0.00	0.00	1130	19.22
	0.00	0.00	0.00	0.00	1178	20.03
	0.00	0.00	0.00	0.00	11183	190.19
	0.00	0.00	0.00	0.00	11258	191.46
	0.00	0.00	0.00	0.00	11283	191.89
	0.00	0.00	0.00	0.00	11251	191.34
	0.00	0.00	0.00	0.00	11308	192.31
	0.00	0.00	0.00	0.00	11257	191.45
	0.00	0.00	0.00	0.00	1166	19.83
	0.00	0.00	0.00	0.00	1145	19.47
	0.00	0.00	0.00	0.00	1211	20.60
	0.00	0.00	0.00	0.00	1142	19.42
	0.00	0.00	0.00	0.00	1190	20.24
	0.00	0.00	0.00	0.00	1115	18.96
	0.00	0.00	0.00	0.00	1115	18.96
	0.00	0.00	0.00	0.00	1115	18.96
	0.00	0.00	0.00	0.00	1166	19.83
	0.00	0.00	0.00	0.00	1118	19.01
	0.00	0.00	0.00	0.00	1193	20.29
	0.00	0.00	0.00	0.00	1121	19.06
	0.00	0.00	0.00	0.00	1148	19.52
	0.00	0.00	0.00	0.00	1247	21.21
	0.00	0.00	0.00	0.00	1151	19.57
	0.00	0.00	0.00	0.00	1127	19.17
	0.00	0.00	0.00	0.00	1130	19.22
	0.00	0.00	0.00	0.00	1181	20.09
	0.00	0.00	0.00	0.00	1133	19.27
	0.00	0.00	0.00	0.00	1208	20.54
	0.00	0.00	0.00	0.00	1160	19.73
	0.00	0.00	0.00	0.00	1160	19.73
	0.00	0.00	0.00	0.00	1160	19.73
	0.00	0.00	0.00	0.00	1160	19.73
	0.00	0.00	0.00	0.00	1184	20.14
	0.00	0.00	0.00	0.00	1133	19.27
	0.00	0.00	0.00	0.00	1181	20.09
	0.00	0.00	0.00	0.00	1148	19.52
	0.00	0.00	0.00	0.00	1127	19.17
	0.00	0.00	0.00	0.00	1118	19.01
	0.00	0.00	0.00	0.00	1172	19.93
	0.00	0.00	0.00	0.00	1139	19.37
	0.00	0.00	0.00	0.00	1118	19.01
	0.00	0.00	0.00	0.00	1085	18.45
	0.00	0.00	0.00	0.00	1139	19.37
	0.00	0.00	0.00	0.00	1106	18.81
	0.00	0.00	0.00	0.00	1110	18.88
	0.00	0.00	0.00	0.00	1106	18.81
	0.00	0.00	0.00	0.00	1178	20.03
	0.00	0.00	0.00	0.00	1151	19.57
	0.00	0.00	0.00	0.00	3	0.05
	0.00	0.00	0.00	0.00	1097	18.66
	0.00	0.00	0.00	0.00	1094	18.61
	0.00	0.00	0.00	0.00	1064	18.10
	0.00	0.00	0.00	0.00	1082	18.40
	0.00	0.00	0.00	0.00	1100	18.71
	0.00	0.00	0.00	0.00	1043	17.74
	0.00	0.00	0.00	0.00	1010	17.18
	0.00	0.00	0.00	0.00	1028	17.48
	0.00	0.00	0.00	0.00	1022	17.38
	0.00	0.00	0.00	0.00	1040	17.69
	0.00	0.00	0.00	0.00	1034	17.59
	0.00	0.00	0.00	0.00	1028	17.48
	0.00	0.00	0.00	0.00	1049	17.84
	0.00	0.00	0.00	0.00	994	16.90
	0.00	0.00	0.00	0.00	1013	17.23
	0.00	0.00	0.00	0.00	4	0.07
	0.00	0.00	0.00	0.00	941	16.00
	0.00	0.00	0.00	0.00	884	15.03
	0.00	0.00	0.00	0.00	974	16.56
	0.00	0.00	0.00	0.00	917	15.60
	0.00	0.00	0.00	0.00	883	15.02
	0.00	0.00	0.00	0.00	854	14.52
	0.00	0.00	0.00	0.00	847	14.40
	0.00	0.00	0.00	0.00	821	13.96
	0.00	0.00	0.00	0.00	863	14.68
	0.00	0.00	0.00	0.00	856	14.56
	0.00	0.00	0.00	0.00	826	14.05
	0.00	0.00	0.00	0.00	844	14.35
	0.00	0.00	0.00	0.00	4	0.07
	0.00	0.00	0.00	0.00	3	0.05
	0.00	0.00	0.00	0.00	3	0.05
	0.00	0.00	0.00	0.00	7361	125.19
	0.00	0.00	0.00	0.00	7379	125.49
	0.00	0.00	0.00	0.00	7224	122.86
	0.00	0.00	0.00	0.00	7190	122.28
	0.00	0.00	0.00	0.00	7208	122.59
	0.00	0.00	0.00	0.00	7298	124.12
	0.00	0.00	0.00	0.00	3657	62.19
	0.00	0.00	0.00	0.00	7262	123.50
	0.00	0.00	0.00	0.00	596	10.14
	0.00	0.00	0.00	0.00	597	10.15
	0.00	0.00	0.00	0.00	560	9.52
	0.00	0.00	0.00	0.00	536	9.12
	0.00	0.00	0.00	0.00	500	8.50
	0.00	0.00	0.00	0.00	503	8.55
	0.00	0.00	0.00	0.00	543	9.23
	0.00	0.00	0.00	0.00	516	8.78
	0.00	0.00	0.00	0.00	479	8.15
	0.00	0.00	0.00	0.00	504	8.57
	0.00	0.00	0.00	0.00	564	9.59
	0.00	0.00	0.00	0.00	536	9.12
	0.00	0.00	0.00	0.00	521	8.86
	0.00	0.00	0.00	0.00	492	8.37
	0.00	0.00	0.00	0.00	459	7.81
	0.00	0.00	0.00	0.00	501	8.52
	0.00	0.00	0.00	0.00	510	8.67
	0.00	0.00	0.00	0.00	478	8.13
	0.00	0.00	0.00	0.00	4	0.07
	0.00	0.00	0.00	0.00	362	6.16
	0.00	0.00	0.00	0.00	389	6.62
	0.00	0.00	0.00	0.00	353	6.00
	0.00	0.00	0.00	0.00	874	14.86
	0.00	0.00	0.00	0.00	576	9.80
	0.00	0.00	0.00	0.00	579	9.85
	0.00	0.00	0.00	0.00	341	5.80
	0.00	0.00	0.00	0.00	320	5.44
	0.00	0.00	0.00	0.00	314	5.34
	0.00	0.00	0.00	0.00	320	5.44
	0.00	0.00	0.00	0.00	338	5.75
	0.00	0.00	0.00	0.00	344	5.85
	0.00	0.00	0.00	0.00	317	5.39
	0.00	0.00	0.00	0.00	317	5.39
	0.00	0.00	0.00	0.00	317	5.39
	0.00	0.00	0.00	0.00	318	5.41
	0.00	0.00	0.00	0.00	317	5.39
	0.00	0.00	0.00	0.00	317	5.39
	0.00	0.00	0.00	0.00	317	5.39
	0.00	0.00	0.00	0.00	317	5.39
	0.00	0.00	0.00	0.00	341	5.80
	0.00	0.00	0.00	0.00	314	5.34
	0.00	0.00	0.00	0.00	314	5.34
	0.00	0.00	0.00	0.00	332	5.65
	0.00	0.00	0.00	0.00	311	5.29
	0.00	0.00	0.00	0.00	305	5.19
	0.00	0.00	0.00	0.00	311	5.29
	0.00	0.00	0.00	0.00	305	5.19
	0.00	0.00	0.00	0.00	311	5.29
	0.00	0.00	0.00	0.00	329	5.60
	0.00	0.00	0.00	0.00	308	5.24
	0.00	0.00	0.00	0.00	302	5.14
	0.00	0.00	0.00	0.00	309	5.26
	0.00	0.00	0.00	0.00	302	5.14
	0.00	0.00	0.00	0.00	308	5.24
	0.00	0.00	0.00	0.00	302	5.14
	0.00	0.00	0.00	0.00	308	5.24
	0.00	0.00	0.00	0.00	326	5.54
	0.00	0.00	0.00	0.00	332	5.65
	0.00	0.00	0.00	0.00	326	5.54
	0.00	0.00	0.00	0.00	305	5.19
	0.00	0.00	0.00	0.00	304	5.17
	0.00	0.00	0.00	0.00	305	5.19
	0.00	0.00	0.00	0.00	330	5.61
	0.00	0.00	0.00	0.00	302	5.14
	0.00	0.00	0.00	0.00	330	5.61
	0.00	0.00	0.00	0.00	302	5.14
	0.00	0.00	0.00	0.00	302	5.14
	0.00	0.00	0.00	0.00	302	5.14
	0.00	0.00	0.00	0.00	302	5.14
	0.00	0.00	0.00	0.00	326	5.54
	0.00	0.00	0.00	0.00	299	5.09
	0.00	0.00	0.00	0.00	299	5.09
	0.00	0.00	0.00	0.00	323	5.49
	0.00	0.00	0.00	0.00	317	5.39
	0.00	0.00	0.00	0.00	296	5.03
	0.00	0.00	0.00	0.00	290	4.93
	0.00	0.00	0.00	0.00	296	5.03
	0.00	0.00	0.00	0.00	290	4.93
	0.00	0.00	0.00	0.00	320	5.44
	0.00	0.00	0.00	0.00	314	5.34
	0.00	0.00	0.00	0.00	293	4.98
	0.00	0.00	0.00	0.00	287	4.88
	0.00	0.00	0.00	0.00	293	4.98
	0.00	0.00	0.00	0.00	287	4.88
	0.00	0.00	0.00	0.00	293	4.98
	0.00	0.00	0.00	0.00	314	5.34
	0.00	0.00	0.00	0.00	323	5.49
	0.00	0.00	0.00	0.00	347	5.90
	0.00	0.00	0.00	0.00	335	5.70
	0.00	0.00	0.00	0.00	305	5.19
	0.00	0.00	0.00	0.00	408	6.94
	0.00	0.00	0.00	0.00	410	6.97