#Trabalho Fisica Aplicada a Computação - Mestre Nuno

#Gerador de Seno - 1º Ano - FAC 2018-19

#	t	Tmin	T0	T1	Tmax	T	Media	MMM	MMS
	-40	10	80	120	467.50
	0.17	-40	10	80	120	259.56
	0.28	-40	10	80	120	52.60
	0.38	-40	10	80	120	68.44
	0.48	-40	10	80	120	158.66
	0.58	-40	10	80	120	130.41
	0.69	-40	10	80	120	39.57
	0.79	-40	10	80	120	33.84
	0.89	-40	10	80	120	98.30
	0.99	-40	10	80	120	95.13
	1.10	-40	10	80	120	28.56
	1.20	-40	10	80	120	18.67
	1.30	-40	10	80	120	69.15
	1.40	-40	10	80	120	78.78
	1.50	-40	10	80	120	19.37
	1.61	-40	10	80	120	0.49
	1.71	-40	10	80	120	48.75
	1.81	-40	10	80	120	64.52
	1.91	-40	10	80	120	3.50
	2.02	-40	10	80	120	-29.64
	2.12	-40	10	80	120	27.94
	2.22	-40	10	80	120	56.94
	2.32	-40	10	80	120	-23.89
	2.43	-40	10	80	120	-81.86
	2.53	-40	10	80	120	-17.04
	2.63	-40	10	80	120	47.12
	2.73	-40	10	80	120	-103.83
	2.84	-40	10	80	120	-349.92
	2.94	-40	10	80	120	-334.66
	3.04	-40	10	80	120	46.90
	3.14	-40	10	80	120	421.42
	3.25	-40	10	80	120	428.70
	3.35	-40	10	80	120	177.82
	3.45	-40	10	80	120	31.98
	3.55	-40	10	80	120	98.24
	3.66	-40	10	80	120	162.45
	3.76	-40	10	80	120	100.18
	3.86	-40	10	80	120	23.85
	3.96	-40	10	80	120	55.49
	4.07	-40	10	80	120	107.08
	4.17	-40	10	80	120	74.24
	4.27	-40	10	80	120	16.17
	4.37	-40	10	80	120	35.10
	4.47	-40	10	80	120	81.62
	4.58	-40	10	80	120	62.05
	4.68	-40	10	80	120	4.35
	4.78	-40	10	80	120	13.95
	4.88	-40	10	80	120	64.04
	4.99	-40	10	80	120	47.81
	5.09	-40	10	80	120	-15.75
	5.19	-40	10	80	120	-20.63
	5.29	-40	10	80	120	43.17
	5.40	-40	10	80	120	38.40
	5.50	-40	10	80	120	-53.73
	5.60	-40	10	80	120	-75.09
	5.70	-40	10	80	120	15.16
	5.80	-40	10	80	120	26.34
	5.91	-40	10	80	120	-187.08
	6.01	-40	10	80	120	-391.58
	6.11	-40	10	80	120	-242.02
	6.21	-40	10	80	120	189.48
	6.32	-40	10	80	120	466.16
	6.42	-40	10	80	120	362.36
	6.52	-40	10	80	120	105.00
	6.62	-40	10	80	120	37.55
	6.73	-40	10	80	120	132.56
	6.83	-40	10	80	120	156.14
	6.93	-40	10	80	120	65.02
	7.03	-40	10	80	120	23.78
	7.14	-40	10	80	120	77.03
	7.24	-40	10	80	120	106.66
	7.34	-40	10	80	120	54.08
	7.44	-40	10	80	120	11.81
	7.55	-40	10	80	120	49.88
	7.65	-40	10	80	120	82.59
	7.75	-40	10	80	120	38.83
	7.85	-40	10	80	120	-6.97
	7.96	-40	10	80	120	26.94
	8.06	-40	10	80	120	70.20
	8.16	-40	10	80	120	30.68
	8.26	-40	10	80	120	-27.77
	8.36	-40	10	80	120	1.94
	8.47	-40	10	80	120	54.22
	8.57	-40	10	80	120	14.37
	8.67	-40	10	80	120	-75.75
	8.77	-40	10	80	120	-55.52
	8.88	-40	10	80	120	39.82
	8.98	-40	10	80	120	-21.63
	9.08	-40	10	80	120	-273.36
	9.18	-40	10	80	120	-385.96
	9.29	-40	10	80	120	-114.39
	9.39	-40	10	80	120	314.96
	9.49	-40	10	80	120	467.22
	9.59	-40	10	80	120	273.80
	9.70	-40	10	80	120	57.48
	9.80	-40	10	80	120	62.13
	9.90	-40	10	80	120	155.97
	10.00	-40	10	80	120	132.09
	10.11	-40	10	80	120	40.46
	10.21	-40	10	80	120	33.17
	10.31	-40	10	80	120	95.08
	10.41	-40	10	80	120	94.91
	10.52	-40	10	80	120	29.38
	10.62	-40	10	80	120	15.02
	10.72	-40	10	80	120	68.90
	10.82	-40	10	80	120	77.44
	10.93	-40	10	80	120	19.70
	11.03	-40	10	80	120	-4.53
	11.13	-40	10	80	120	48.59
	11.23	-40	10	80	120	63.19
	11.34	-40	10	80	120	7.54
	11.44	-40	10	80	120	-26.02
	11.54	-40	10	80	120	24.46
	11.64	-40	10	80	120	53.08
	11.75	-40	10	80	120	-16.52
	11.85	-40	10	80	120	-86.95
	11.95	-40	10	80	120	-21.66
	12.05	-40	10	80	120	47.29
	12.15	-40	10	80	120	-93.07
	12.26	-40	10	80	120	-344.31
	12.36	-40	10	80	120	-338.35
	12.46	-40	10	80	120	29.38
	12.56	-40	10	80	120	407.38
	12.67	-40	10	80	120	431.52
	12.77	-40	10	80	120	184.72
	12.87	-40	10	80	120	32.87
	12.97	-40	10	80	120	97.98
	13.08	-40	10	80	120	163.36
	13.18	-40	10	80	120	100.85
	13.28	-40	10	80	120	26.95
	13.38	-40	10	80	120	52.14
	13.49	-40	10	80	120	107.54
	13.59	-40	10	80	120	77.08
	13.69	-40	10	80	120	14.57
	13.79	-40	10	80	120	33.67
	13.90	-40	10	80	120	78.57
	14.00	-40	10	80	120	62.41
	14.10	-40	10	80	120	3.30
	14.20	-40	10	80	120	10.87
	14.31	-40	10	80	120	61.95
	14.41	-40	10	80	120	48.48
	14.51	-40	10	80	120	-15.75
	14.61	-40	10	80	120	-18.29
	14.72	-40	10	80	120	42.88
	14.82	-40	10	80	120	42.81
	14.92	-40	10	80	120	-50.41
	15.02	-40	10	80	120	-79.54
	15.13	-40	10	80	120	16.75
	15.23	-40	10	80	120	29.67
	15.33	-40	10	80	120	-179.63
	15.43	-40	10	80	120	-386.24
	15.53	-40	10	80	120	-252.12
	15.64	-40	10	80	120	179.26
	15.74	-40	10	80	120	462.82
	15.84	-40	10	80	120	363.33
	15.94	-40	10	80	120	104.97
	16.05	-40	10	80	120	36.30
	16.15	-40	10	80	120	129.45
	16.25	-40	10	80	120	157.30
	16.35	-40	10	80	120	68.16
	16.46	-40	10	80	120	23.06
	16.56	-40	10	80	120	76.52
	16.66	-40	10	80	120	105.78
	16.76	-40	10	80	120	51.02
	16.87	-40	10	80	120	7.90
	16.97	-40	10	80	120	47.33
	17.07	-40	10	80	120	85.03
	17.17	-40	10	80	120	39.37
	17.28	-40	10	80	120	-6.53


